teamID questionID questionID ...
0 0
1 135
2 85
3 67
4 148
5 73 145
6 236
7 44
8 436
9 59
10 62
11 66
12 90
13 151
14 227
15 6
16 128
17 1
18 74
19 98
20 118
21 22
22 117
23 2
24 7
25 92
26 23
27 3
28 348
29 748
30 613
31 394
32 828 849 899 944 1151 1244
33 1029
34 1192
35 1137
36 1229
37 1702
38 847 1018 1050 1755
39 961
40 919
41 1203
42 915 1234
43 2146
44 1731 1724
45 1727
46 2031
47 989 984
48 1087
49 973
50 1232
51 840 845 1081
52 662
53 2181
54 2175
55 1716 1723 1827 1851 1994
56 1984
57 1715 1753
58 1726
59 1713
60 837
61 896 942 954 992 1091 1189
62 960
63 833
64 930
65 1139
66 870
67 1899
68 876
69 941
70 854
71 851
72 987
73 970
74 1700
75 2124
76 2107
77 1722
78 940
79 1162
80 1111 1751
81 888
82 1790
83 591
84 1041
85 892
86 1171
87 832
88 1125
89 1760
90 886
91 1053
92 1831
93 829
94 830
95 848
96 1144
97 1870
98 907
99 925
100 1015 1060
101 979
102 990
103 988
104 1024
105 1003
106 1019
107 1023
108 1065
109 1082
110 1104
111 1128
112 1114
113 1133
114 1757
115 1246
116 1247
117 1743 1847
118 1780
119 1717
120 1719
121 1734
122 1737
123 2021
124 1749
125 1762
126 1849
127 1802
128 1824
129 1825
130 2000
131 2006
132 37
133 409
134 4 281 1656 2048
135 79 94 102
136 26
137 1627
138 133
139 958 100
140 60
141 1459
142 1362 724
143 166
144 659
145 1279
146 775
147 469 895
148 727
149 28
150 1261
151 39
152 40
153 43 873 928 967
154 900
155 1274 1174
156 1430 459
157 621
158 56
159 1055
160 1601 1582
161 69 763 1332 1350 1356 1412 1511 1622 1745
162 1637
163 835
164 259
165 164
166 83
167 901
168 159
169 1967
170 106
171 107
172 1446 1704 2052
173 1559 1558
174 863
175 652
176 192
177 163
178 175
179 198
180 1703 1680
181 1682 1093
182 203
183 419 1603
184 216
185 1036 594
186 695 945 1457 1586 1599
187 258
188 267 1336
189 1077
190 858
191 689
192 438
193 488 543
194 1177
195 535
196 1505 1538 1633 1694 1911
197 935
198 693
199 1313
200 1254
201 785
202 794
203 1463
204 1624 1619
205 1510
206 1683 1681
207 1096
208 1103
209 1590
210 1195
211 1415 1503 1660 1735
212 1309
213 1316
214 1438
215 1688
216 1572
217 1774
218 1785
219 2048 4
220 2076 1812
221 2023 1776
222 1509 1845 2119 2174
223 1945
224 1853
225 2057 1800
226 1879
227 2011
228 1788
229 1792 1979 1987 2027
230 1664 1625
231 1397 1369
232 479 1556
233 593
234 2127
235 1989
236 1508
237 2116
238 527
239 1915
240 590
241 1778
242 1786 1677
243 2105
244 2059
245 1806
246 1887
247 1917
248 1807
249 1571 1698
250 2080
251 1962
252 1710
253 1829
254 1474
255 1783
256 1799
257 1894
258 1834
259 1836
260 1864
261 1943
262 2020
263 2030
264 2170
265 2142
266 2151
267 5
268 8
269 53
270 42
271 45
272 645
273 239
274 116
275 219
276 213
277 717
278 705 778
279 729
280 599
281 154
282 9
283 141
284 33
285 702
286 25
287 10
288 152 214
289 63
290 52
291 97
292 714
293 1099
294 696
295 11
296 55
297 48
298 58
299 266
300 206
301 308
302 302
303 779
304 12
305 276
306 13
307 77
308 91
309 136
310 121
311 230 286
312 50
313 144
314 105
315 119
316 134
317 137
318 139
319 186
320 188
321 462
322 51
323 14
324 668
325 661 701 711 716 737
326 657
327 156 620
328 649
329 670
330 740
331 734
332 109
333 697
334 584
335 583
336 704
337 89
338 15
339 138
340 199
341 16
342 174
343 208
344 250
345 100 263 350 429 595 958 1317 1328 1333 1450
346 360
347 416
348 256
349 1714
350 1650
351 1812 2076
352 2133
353 212
354 274
355 286 230
356 667
357 1239
358 1155 1270 1355 2148
359 1938
360 648 651 721 731 1993 2075
361 582
362 2045
363 498 516
364 318
365 2024 1763
366 2093
367 294 933 1095 1112
368 1804 1152
369 1283
370 663
371 1467 364
372 441
373 1311
374 65
375 1602
376 300
377 368 430 517 563 708
378 1406
379 824
380 260
381 331 1912
382 1321
383 1275
384 1391
385 1472
386 238
387 1884
388 1523 1549 1553 1874 1905 1913 2092
389 1197
390 1158
391 1169
392 522 530
393 677
394 304 376
395 305 264
396 313
397 917
398 1255
399 934 532
400 380
401 487 426
402 244
403 1224
404 1052
405 301
406 255
407 262
408 938
409 872
410 607
411 817
412 271
413 337
414 1033
415 507 557
416 2166
417 574 328
418 335
419 340
420 341
421 655
422 359 1797
423 363
424 377
425 389 391 406 534
426 395
427 397
428 410
429 1061 923
430 422
431 425
432 521
433 444
434 483
435 500
436 1149
437 548
438 558
439 609
440 672
441 730
442 735
443 841
444 757
445 1028 862
446 1492
447 2115
448 1282
449 948
450 1047
451 1056
452 1235
453 1291
454 1322
455 1340
456 1364
457 1367
458 1380
459 1407
460 1585
461 1598
462 1935
463 1848
464 1865
465 2150
466 1891
467 1896
468 2085
469 1992
470 17
471 96
472 54
473 49
474 31
475 61
476 101
477 18
478 344
479 396
480 336 349
481 158
482 382
483 1037
484 343
485 724 1064 1362
486 1776 2023 2120
487 129
488 1270 1155
489 1097
490 1026 1882
491 1100
492 2072
493 1008 1022
494 1264 1117
495 433 1136 1211 1351
496 588
497 1115 1043
498 2067 1668
499 1009 1046 1051 1083 1085 1173 1257 1273 1277
500 1113
501 1141
502 1241
503 1076
504 1078
505 2086
506 1738
507 1146
508 1679
509 751
510 1373 1431
511 1434
512 1518 2177
513 1238 1154
514 1248
515 1306
516 1353
517 2054
518 1648
519 1871
520 125
521 19
522 88
523 20
524 86
525 82
526 205
527 21
528 27
529 95
530 75
531 64
532 104
533 99
534 170
535 194
536 30
537 288
538 268
539 713 852 1310 1339
540 1923
541 711 661
542 189
543 651 648
544 2037
545 1210
546 1872 1725
547 738
548 1512
549 1110
550 666
551 712
552 722
553 733 1977
554 1858 1920
555 2171
556 1959 1862
557 1013 1057
558 1667
559 665
560 802
561 719 725
562 1080
563 2117
564 1187
565 1789
566 683
567 2106
568 2163
569 681
570 1739
571 1860
572 656
573 1614
574 736 691
575 710
576 720
577 893
578 905 1878 1990
579 2083 2129
580 1765
581 1728
582 1764
583 1947
584 1863
585 1978
586 1944
587 1638
588 2012
589 1855
590 1952
591 2180
592 2130
593 2131
594 2152
595 898
596 1156
597 413
598 24
599 673
600 221
601 895 469
602 550
603 345
604 516 498
605 598
606 358
607 329
608 417
609 1185
610 881
611 72
612 29
613 71
614 76
615 32
616 113
617 34
618 122
619 184
620 1616
621 1170
622 2081
623 1724 1731 1820 2005 2108 2134
624 2135
625 1800 1941 2039 2057
626 2047
627 1763 1931 2024 2041
628 1725 1872 1897 2022 2143
629 1689 2099 2162
630 1927
631 1997 1900
632 1960 1647
633 2095
634 2018
635 1901
636 2088
637 1823 1880 1961
638 2063
639 2002
640 1906
641 2122
642 2033
643 1393
644 1740 1975
645 1733 1784
646 1781
647 1876
648 1852
649 2125
650 2144 2176
651 2141
652 2149
653 35
654 36
655 537
656 869
657 810
658 827
659 38
660 153
661 177
662 187
663 157
664 149
665 172
666 41
667 47
668 181
669 215
670 351
671 147
672 143
673 202
674 179
675 182
676 185
677 611
678 750
679 353
680 497
681 984 989 993
682 873 43
683 1095 294
684 1022 1008
685 999
686 293
687 1086
688 998
689 924
690 781
691 449
692 1088
693 1001
694 1006
695 1071
696 204
697 228
698 46
699 971
700 1174 1271 1274
701 1116
702 1504
703 1152 1278 1548 1804 1965
704 1117 1264 1819
705 1886
706 1867
707 1399
708 1777
709 1826
710 743
711 1976
712 1857
713 2040
714 1640
715 1272
716 974
717 1181
718 1729
719 1122
720 1219
721 1225
722 991 1292
723 618
724 1276
725 1290
726 1388
727 1885
728 897
729 1343
730 985
731 1560 1398
732 1366
733 1172
734 2147
735 1121
736 1420
737 1150
738 1488
739 1250 1485
740 1220
741 1228
742 1265
743 1281
744 1425
745 1354
746 1494
747 1405
748 1686
749 1798
750 1888
751 1908
752 459 624 679 1430
753 707
754 602
755 528
756 1262
757 626
758 510 456
759 495 477
760 165
761 612 485
762 800
763 1579
764 1611
765 589
766 464
767 494
768 505
769 831 921
770 1604
771 1253
772 201
773 57
774 653
775 814
776 932
777 625
778 732
779 513
780 726
781 357
782 520
783 636
784 647
785 437 684
786 364 1467
787 1136 433
788 334
789 627
790 456 510 1346
791 269
792 367
793 1346 456
794 424
795 492
796 233
797 465
798 1502
799 1379
800 1094
801 224
802 257
803 544 561
804 1140
805 957
806 1251 1153
807 1345
808 1347
809 629
810 635
811 623
812 103
813 1212
814 1582 1601 1654 1672
815 2049 2154
816 2077
817 1842
818 2123
819 1791
820 1816
821 2042
822 2070
823 1573
824 1761
825 1657
826 2066
827 1312
828 1329
829 1600
830 1565
831 1569
832 1809
833 1818
834 2056
835 347
836 68
837 249
838 278
839 84
840 412
841 420
842 197
843 225
844 240
845 473
846 559
847 856
848 763 69
849 1621
850 570
851 715
852 155
853 563 368
854 1245
855 614
856 243
857 411 445
858 1904
859 597
860 1630
861 866
862 783
863 553
864 1695
865 685
866 664
867 475
868 1408
869 922
870 1068
871 1074
872 1145
873 1344
874 1348
875 1352
876 1404
877 1953
878 70
879 145 73
880 747
881 637
882 723
883 223
884 178
885 247
886 284
887 442
888 78
889 111
890 80
891 131
892 279
893 93
894 81
895 445 411
896 126
897 169
898 211
899 87
900 327
901 477 495
902 323
903 324
904 572
905 385
906 443 867
907 362
908 383
909 480
910 536
911 610
912 2013
913 1043 1115 1413
914 857
915 1161
916 1968
917 180
918 167
919 643
920 842
921 996
922 405
923 332
924 390
925 421
926 1552
927 654
928 1822
929 220
930 245
931 1608
932 1031
933 190
934 1206
935 484
936 1999
937 1377
938 1365
939 1709
940 1107
941 408
942 1769
943 162
944 400
945 1854
946 1341
947 108
948 407
949 124
950 366
951 282
952 110
953 112
954 114
955 1427
956 115
957 2139
958 418
959 373
960 793
961 120
962 200
963 265
964 123
965 229
966 248
967 252
968 253
969 277
970 690
971 506
972 699
973 504
974 428
975 650
976 374
977 283
978 352
979 457
980 820
981 1371
982 1127
983 1213
984 514
985 127
986 1756
987 1106
988 2010
989 1732
990 1987 1792
991 1900 1997
992 2058
993 1841 2029 2060
994 1970
995 1787 1767
996 1796
997 1907
998 1988
999 130
1000 455
1001 461
1002 354
1003 485 612
1004 1558 1559 1577 1578 1634 1635 1653 1662 1696 1699 1706
1005 1584
1006 1557
1007 1542
1008 1631
1009 1625 1664 1810 2038 2061 2065 2071 2079 2128
1010 132
1011 1553 1523
1012 1963
1013 1532
1014 1668 2067
1015 1794
1016 1862 1959
1017 1966
1018 1647 1697 1919 1929 1936 1948 1960 2172 2178
1019 2073
1020 1580
1021 1517
1022 1533
1023 2029 1841
1024 1618 1588
1025 1535
1026 2136
1027 1148
1028 1693
1029 2167
1030 1730
1031 2034
1032 1597
1033 2069
1034 1544
1035 1628 1642
1036 1522
1037 1623 1659
1038 1712 2051
1039 1539
1040 1937 1537
1041 1674
1042 1705
1043 2126
1044 1691
1045 1530
1046 1663
1047 2053
1048 1534
1049 1550
1050 1983
1051 1566
1052 1583
1053 1587
1054 1591
1055 1925
1056 1675
1057 1684
1058 1707
1059 1982
1060 1939
1061 1942
1062 2016
1063 2017
1064 2078
1065 2044
1066 567
1067 1527
1068 482
1069 140
1070 142
1071 1260
1072 826 1084
1073 1083 1009
1074 1216
1075 908
1076 1007
1077 1063
1078 1159
1079 1200 986
1080 891
1081 1143
1082 1209
1083 1042
1084 1030
1085 790
1086 927
1087 936
1088 1108
1089 1132
1090 1190
1091 1222
1092 1258
1093 146
1094 1196
1095 1632 1661
1096 1183 1184
1097 1830
1098 1299
1099 1335
1100 1869
1101 1588 1618 1645
1102 150
1103 1387
1104 951
1105 853
1106 499
1107 474
1108 1394
1109 1392
1110 1066
1111 1419
1112 2036
1113 1515
1114 1540
1115 2087
1116 339
1117 160
1118 176
1119 432
1120 524
1121 435
1122 446
1123 161
1124 530 522
1125 541
1126 549
1127 554
1128 519
1129 511
1130 551
1131 168
1132 171
1133 196
1134 173
1135 1946
1136 633
1137 770
1138 926
1139 1680 1703
1140 1808
1141 1775
1142 1814
1143 906
1144 880
1145 912
1146 183
1147 791
1148 760
1149 739 777
1150 772
1151 796
1152 1093 1682
1153 1369 1397
1154 994
1155 1670
1156 963
1157 1188
1158 966
1159 807
1160 1766
1161 193
1162 191
1163 765
1164 754
1165 1004
1166 376 304
1167 606
1168 632
1169 195
1170 317
1171 299
1172 264 305
1173 235
1174 272
1175 309
1176 273
1177 270
1178 207
1179 315
1180 289
1181 292
1182 311
1183 326
1184 209
1185 210
1186 1256
1187 1131
1188 1603 419
1189 1500
1190 1079
1191 1617
1192 1342
1193 889
1194 2096
1195 916
1196 983
1197 1437
1198 242
1199 217
1200 728
1201 789
1202 218
1203 804
1204 460
1205 884
1206 532 868 934 1202
1207 1075
1208 976
1209 818
1210 1098
1211 986 1017 1200
1212 914
1213 1073
1214 865
1215 1193
1216 1199
1217 864
1218 860
1219 874
1220 878
1221 1034
1222 222
1223 1021
1224 1383
1225 502
1226 426 487
1227 1011
1228 322
1229 226
1230 674
1231 452
1232 566
1233 619
1234 481
1235 431
1236 447
1237 472
1238 706
1239 758
1240 844
1241 1062
1242 403
1243 231
1244 378 381
1245 237
1246 312
1247 232
1248 338
1249 594 1036
1250 756
1251 801
1252 1038
1253 234
1254 545
1255 1016
1256 1612
1257 241
1258 361
1259 319
1260 303
1261 296
1262 246
1263 945 695
1264 646
1265 882
1266 1556 479
1267 1795
1268 640
1269 1417 1481 1821
1270 725 719
1271 855
1272 463
1273 718
1274 251
1275 819
1276 1639
1277 616
1278 1513
1279 978
1280 1673
1281 877
1282 1685
1283 943
1284 1124
1285 1555
1286 1217
1287 2113
1288 1466
1289 2104
1290 254
1291 501
1292 628
1293 639
1294 261
1295 1336 267
1296 1516
1297 1382
1298 1292 991
1299 1123
1300 1568
1301 1652
1302 1102 1163
1303 1561 1772
1304 1950
1305 1101
1306 1482
1307 1048
1308 1615
1309 1381
1310 1746
1311 2109
1312 1875
1313 641
1314 787
1315 1972
1316 604
1317 703
1318 503
1319 741
1320 780
1321 2183
1322 2068
1323 776
1324 947
1325 887
1326 946
1327 836
1328 890
1329 1069
1330 306
1331 275
1332 297
1333 291
1334 295
1335 557 507
1336 546
1337 561 544
1338 512
1339 491 568 768
1340 333
1341 489
1342 556
1343 538
1344 509
1345 560
1346 592
1347 755
1348 1801
1349 1389
1350 1892
1351 1881
1352 2138
1353 552
1354 280
1355 285
1356 287
1357 290
1358 1721
1359 1903
1360 1986
1361 2035
1362 1520
1363 2074
1364 2132
1365 1521
1366 2103
1367 2140
1368 298
1369 307
1370 843
1371 310
1372 879
1373 523
1374 401
1375 314
1376 316
1377 320
1378 638
1379 642
1380 631
1381 321
1382 644
1383 586
1384 630
1385 533
1386 634
1387 600
1388 622
1389 1027
1390 370
1391 365
1392 601
1393 330
1394 680
1395 371
1396 325
1397 328 574
1398 342
1399 346
1400 2110
1401 1436
1402 821
1403 1563
1404 1985
1405 1507
1406 1594
1407 1889
1408 2102
1409 1301
1410 1360
1411 2028
1412 809
1413 450
1414 1012
1415 1893
1416 687
1417 688
1418 913
1419 937
1420 675
1421 678
1422 686
1423 692
1424 920
1425 476
1426 467
1427 392
1428 355
1429 356
1430 375
1431 486
1432 931
1433 798
1434 813
1435 1326
1436 2145
1437 1797 359
1438 1805
1439 496
1440 2157
1441 774
1442 596 617
1443 660
1444 576
1445 579
1446 369
1447 372
1448 615
1449 379
1450 531
1451 518
1452 391 389
1453 515
1454 529
1455 423
1456 393
1457 453
1458 386
1459 399
1460 803
1461 384
1462 581
1463 388
1464 547
1465 1039
1466 387
1467 1770
1468 2121
1469 398
1470 1167
1471 1711
1472 1402
1473 1409
1474 1179
1475 1748
1476 525
1477 580
1478 402
1479 404
1480 1839
1481 923 1061 2062
1482 1519
1483 2082
1484 414
1485 2100
1486 1529
1487 2165
1488 415
1489 1218
1490 1286
1491 427
1492 577
1493 578
1494 508
1495 471
1496 470
1497 539
1498 542
1499 555
1500 575
1501 434
1502 439
1503 440
1504 448
1505 451
1506 454
1507 2001
1508 1289
1509 1758
1510 458
1511 1974
1512 1868
1513 1447
1514 466
1515 468
1516 478
1517 490
1518 493
1519 526
1520 603
1521 1259
1522 1363
1523 671
1524 540
1525 929
1526 1032
1527 585
1528 565
1529 564
1530 764
1531 562
1532 569
1533 571
1534 573
1535 587
1536 1538 1505
1537 975
1538 968
1539 1325
1540 834
1541 1334
1542 1883
1543 1201
1544 1926
1545 875
1546 1180
1547 1215
1548 1449
1549 1811
1550 1995
1551 605
1552 1044
1553 1070
1554 608
1555 744
1556 1175
1557 1477
1558 1025
1559 909
1560 658
1561 997
1562 669
1563 902
1564 676
1565 682
1566 1574
1567 1589
1568 904
1569 1837
1570 1370
1571 691 736
1572 995
1573 761
1574 698
1575 769
1576 694
1577 700
1578 972
1579 709
1580 759
1581 742
1582 1067
1583 1002
1584 1049
1585 745
1586 752
1587 746
1588 749
1589 977
1590 1546
1591 1298
1592 753
1593 762
1594 1641
1595 1813
1596 1178
1597 1687
1598 1368
1599 1429
1600 766
1601 767
1602 771
1603 773
1604 788
1605 782
1606 786
1607 969
1608 784
1609 859
1610 862 1028
1611 799
1612 1020
1613 792
1614 806 939
1615 910
1616 797
1617 1221
1618 795
1619 1487
1620 1372
1621 811
1622 805
1623 812
1624 950
1625 808
1626 1428
1627 1134
1628 1287
1629 1337
1630 1357
1631 1918
1632 1207
1633 1315
1634 1302
1635 1327
1636 1385
1637 1489
1638 815
1639 816
1640 1266
1641 1991
1642 1619 1624
1643 1677 1786
1644 1678
1645 1626
1646 1850 2089
1647 822
1648 823
1649 825
1650 883
1651 838
1652 839
1653 1296
1654 846
1655 850
1656 861
1657 871
1658 1655
1659 1386
1660 1384
1661 1318
1662 1440
1663 1284
1664 1267
1665 1564
1666 1480
1667 885
1668 894
1669 903
1670 2043
1671 1681 1683
1672 2055
1673 1971
1674 1990 905
1675 1880 1823
1676 1692
1677 1666
1678 1669
1679 1964
1680 2112
1681 1840
1682 2118
1683 1833
1684 1932
1685 911
1686 918
1687 1040
1688 1613
1689 949
1690 952
1691 953
1692 955
1693 1435
1694 2129 2083
1695 2111
1696 964
1697 1465
1698 2007
1699 956
1700 980
1701 1416
1702 959
1703 1035
1704 962
1705 965
1706 981
1707 982
1708 1230
1709 1320
1710 1058
1711 1305
1712 1237
1713 1157
1714 1000
1715 1242
1716 1120
1717 1005
1718 1010
1719 1014
1720 1418 1541 1741
1721 1473
1722 2025
1723 1844
1724 1398 1560
1725 1444
1726 1609
1727 2164
1728 1486
1729 1491
1730 1835
1731 1649
1732 1496
1733 1490
1734 1400
1735 1958
1736 1376
1737 1411
1738 1575
1739 1581
1740 1605
1741 2050
1742 1902
1743 1980
1744 2032
1745 2168
1746 1045
1747 1059
1748 1054
1749 1233
1750 1304
1751 1072
1752 1331
1753 1514
1754 1349
1755 2064
1756 1294
1757 1194
1758 2185
1759 1483
1760 1240
1761 1223
1762 1484
1763 1866
1764 1231
1765 1470
1766 1307
1767 2015
1768 1089
1769 1090
1770 1924
1771 1092
1772 1105
1773 1109
1774 1497
1775 1358
1776 2158
1777 1461
1778 1227
1779 1396
1780 1118
1781 1119
1782 1914
1783 1126
1784 1595
1785 1288
1786 1129
1787 1130
1788 1147
1789 1249
1790 1243
1791 1153 1251
1792 1166
1793 1176
1794 1165
1795 1890
1796 1182
1797 1135
1798 1138
1799 1142
1800 1191
1801 1154 1238
1802 1236
1803 1186
1804 1208
1805 1160
1806 1164
1807 1168
1808 1204
1809 1198
1810 1596
1811 1422
1812 1205
1813 1485 1250
1814 1214
1815 1226
1816 1752
1817 1401
1818 1268 1375
1819 1374
1820 1606
1821 1263
1822 1324
1823 1817
1824 1252
1825 1499
1826 1562
1827 1269
1828 1280
1829 1551
1830 1468
1831 1525
1832 1767 1787
1833 1537 1554 1570 1937 1955
1834 1676
1835 1658
1836 1469
1837 1460
1838 1464
1839 1493
1840 1545
1841 1744
1842 1750
1843 1285
1844 1314
1845 1293
1846 1910
1847 1319
1848 1476
1849 1536
1850 1295
1851 1297
1852 1861
1853 1300
1854 1303
1855 1308
1856 2160
1857 1916
1858 2153
1859 1454
1860 1323
1861 1448
1862 1403
1863 1495
1864 2098
1865 1433
1866 1330
1867 1338
1868 1395
1869 1933
1870 1949
1871 2094
1872 1456
1873 1359
1874 1361
1875 1421
1876 1378
1877 1644
1878 1832
1879 1390
1880 1930
1881 1410
1882 1414
1883 1423
1884 1452
1885 1458
1886 1439
1887 1441
1888 1442
1889 1424
1890 1453
1891 1426
1892 1432
1893 1443
1894 1445
1895 1451
1896 1455
1897 1462
1898 1471
1899 1475
1900 1479
1901 1478
1902 1498
1903 1501 1528
1904 1759
1905 1665
1906 1547
1907 1747
1908 1506
1909 1524
1910 1526
1911 1996
1912 1671
1913 1838
1914 1771
1915 2091
1916 1646
1917 1754
1918 1531
1919 1543
1920 1957
1921 1629
1922 1610
1923 1567
1924 1576
1925 1592
1926 1593 1636
1927 1898
1928 1607
1929 1620
1930 1803
1931 1934
1932 1846
1933 1643
1934 1651
1935 1690
1936 2161
1937 1701
1938 1708
1939 1720
1940 1718
1941 1736
1942 1742
1943 2101
1944 1859
1945 1928
1946 1779
1947 1969
1948 2184
1949 1768
1950 1773
1951 1782
1952 1793
1953 1815
1954 1873
1955 2009
1956 2156
1957 1828
1958 2173
1959 2008
1960 2114
1961 2090
1962 1843
1963 1909
1964 2097
1965 1998
1966 2019
1967 2159
1968 1856
1969 1877
1970 2179
1971 1895
1972 1921
1973 1922
1974 1956
1975 1951
1976 2084
1977 1940
1978 1954
1979 1973
1980 1981
1981 2003
1982 2004
1983 2014
1984 2026
1985 2182
1986 2046
1987 2137
1988 2155
1989 2169
