teamID expertID expertID ...
0 8016 8017
1 8016 8025 8026
2 8016 8027
3 8016 8030 8125 8126 8127
4 8016 8037 8046
5 8016 8045 8133
6 8016 8070
7 8016 8106
8 8016 8111
9 8016 8117 8118 8119
10 8016 8118
11 8016 8124
12 8016 8146 8030
13 8016 8198
14 8016 8263
15 8017 8029 8030
16 8018 8016 8182
17 8018 8019 8020 8021
18 8018 8024
19 8018 8026 8018
20 8018 8045
21 8018 8051
22 8018 8172
23 8022 8023
24 8022 8026 8031 8032
25 8022 8147
26 8024 8023 8030
27 8024 8025
28 8024 8051 8265
29 8024 8085 8111 8542 8051
30 8024 8134 8261 8496
31 8024 8158
32 8025 8026
33 8025 8026 8051
34 8025 8026 8055
35 8025 8026 8110
36 8025 8026 8829
37 8025 8027 9087
38 8025 8051
39 8025 8051 8055 8193
40 8025 8051 8576
41 8025 8055 8778
42 8025 8069
43 8025 8069 8093
44 8025 8093
45 8025 8093 8051 8802
46 8025 8093 8298
47 8025 8105
48 8025 8105 8460
49 8025 8105 8696
50 8025 8110
51 8025 8129
52 8025 8136
53 8025 8168
54 8025 8169 8813 8027 9111 8428 9308 8253
55 8025 8183
56 8025 8183 9229 8093
57 8025 8186
58 8025 8186 8183 9095
59 8025 8186 8659 8026
60 8025 8188
61 8025 8193
62 8025 8193 8384 8690 8118
63 8025 8193 8629 8494
64 8025 8193 8663 8315
65 8025 8196
66 8025 8222 8608
67 8025 8225
68 8025 8248
69 8025 8248 8193 8674 8675 8676 8118
70 8025 8266 8616
71 8025 8277 8026
72 8025 8285 8105 8708 8026
73 8025 8285 8193 8694 8681
74 8025 8285 9015 8145 9081 8661 8616 8102 8898 9082 9083 8955 9084 8830 9085 8253
75 8025 8298
76 8025 8299 9240 9282
77 8025 8330
78 8025 8341
79 8025 8387
80 8025 8395
81 8025 8396
82 8025 8424
83 8025 8490
84 8025 8494
85 8025 8530 8650 8098
86 8025 8530 8732
87 8025 8540
88 8025 8553 8026
89 8025 8569 8298 8124
90 8025 8598
91 8025 8610 8744
92 8025 8616
93 8025 8625
94 8025 8626 8627
95 8025 8636
96 8025 8638 8680
97 8025 8659 9170
98 8025 8660
99 8025 8668 8669 8670 8380
100 8025 8689
101 8025 8699 8700
102 8025 8702
103 8025 8709
104 8025 8716
105 8025 8719
106 8025 8729 8730 8285
107 8025 8731 8193
108 8025 8749
109 8025 8753
110 8025 8766
111 8025 8771
112 8025 8774
113 8025 8783
114 8025 8836
115 8025 8836 8051
116 8025 8837 8838
117 8025 8850
118 8025 9075 9115 8395
119 8025 9086 8129
120 8025 9094 8616
121 8025 9096
122 8025 9098
123 8025 9103
124 8025 9104
125 8025 9108 9109 9110 9111
126 8025 9109
127 8025 9128 9129 9130
128 8025 9137 8124 9138 8396
129 8025 9139 9002 9140 8387 8298 8027
130 8025 9237 8335 8151
131 8025 9241 8093
132 8026 8016
133 8026 8024 8393 8118 8394 8046
134 8026 8027
135 8026 8030
136 8026 8045 8084
137 8026 8049 9031
138 8026 8050
139 8026 8051
140 8026 8051 8111
141 8026 8051 8285 8111
142 8026 8055
143 8026 8056 8051
144 8026 8069 8255
145 8026 8078 8051
146 8026 8079
147 8026 8085
148 8026 8085 8549 8550
149 8026 8086
150 8026 8093
151 8026 8101
152 8026 8102
153 8026 8105
154 8026 8105 8656
155 8026 8110
156 8026 8111
157 8026 8111 8193
158 8026 8114
159 8026 8116
160 8026 8124
161 8026 8129
162 8026 8129 8962
163 8026 8133 8025 8193 8255 8630
164 8026 8136 8143 8063
165 8026 8139 8066
166 8026 8142
167 8026 8143
168 8026 8150
169 8026 8157
170 8026 8158 8037 8159
171 8026 8160
172 8026 8183
173 8026 8186
174 8026 8193
175 8026 8193 8512 8498 8281
176 8026 8195
177 8026 8206
178 8026 8217 8218 8119
179 8026 8218 8233 8234 8235
180 8026 8220
181 8026 8225
182 8026 8237
183 8026 8248
184 8026 8251 8195 8037
185 8026 8266
186 8026 8277
187 8026 8282 8176
188 8026 8285
189 8026 8315
190 8026 8347 8051
191 8026 8357 8529
192 8026 8361 8085
193 8026 8374
194 8026 8387
195 8026 8459
196 8026 8490
197 8026 8505 8067 8049
198 8026 8532
199 8026 8533 8877 8878 8879 8880 8881
200 8026 8570
201 8026 8593
202 8026 8602 8193
203 8026 8616 8618
204 8026 8619
205 8026 8647
206 8026 8659
207 8026 8762 8763
208 8026 8765 8193
209 8026 8773 8626
210 8026 8812
211 8026 8850
212 8026 8875
213 8026 8882 8883
214 8026 8904
215 8026 9001 8428 8027 8183
216 8026 9037
217 8026 9083 8055
218 8027 8025
219 8027 8026
220 8027 8051
221 8027 8055
222 8027 8069
223 8027 8069 8143 8913 9212
224 8027 8069 9156
225 8027 8093
226 8027 8093 8051 9176
227 8027 8093 8069
228 8027 8124 9002 8322
229 8027 8183
230 8027 8186
231 8027 8225
232 8027 8277
233 8027 8286
234 8027 8286 8220 9180 9111 8627
235 8027 8315 8528 9234
236 8027 8339
237 8027 8339 8893 8093 8124
238 8027 8458
239 8027 8459
240 8027 8489
241 8027 8511
242 8027 8619
243 8027 8619 8183
244 8027 8659
245 8027 8659 8183
246 8027 8675
247 8027 8736
248 8027 8792
249 8027 8850
250 8027 8870 8055
251 8027 8870 9031
252 8027 8876
253 8027 8894
254 8027 8967
255 8027 9117
256 8027 9124
257 8027 9144
258 8027 9144 8124 9102
259 8027 9145 8732
260 8027 9166
261 8027 9211 8025
262 8027 9249 9250 8745
263 8027 9252 9253 8898 9254 9255 9208 9144 8183 9256
264 8027 9265
265 8027 9290 9111 9291 8093 9144 9292
266 8027 9295
267 8028 8022 8019
268 8029 8033
269 8029 8047
270 8030 8017 8016
271 8030 8049 8016
272 8030 8129
273 8030 8153
274 8030 8170 8045 8026 8171
275 8030 8214
276 8030 8250
277 8032 8069
278 8032 8217
279 8032 8217 8105
280 8032 8277 8118
281 8034 8026 8199 8181 8126 8200 8024
282 8034 8035
283 8034 8037
284 8034 8091
285 8035 8051
286 8035 8082 8083
287 8036 8016 8037 8026 8022 8038 8039 8019
288 8037 8026
289 8037 8056 8120
290 8037 8112 8113
291 8037 8149 8045 8051 8067
292 8039 8046
293 8039 8193 8719 8255
294 8039 8534
295 8040 8017 8041
296 8040 8030
297 8040 8030 8108
298 8040 8105
299 8041 8105 8111
300 8041 8240
301 8041 8241 8143 8056
302 8041 8292 8026
303 8041 8330
304 8042 8043
305 8042 8298
306 8044 8045
307 8045 8018 8048 8136 8067
308 8045 8026
309 8045 8026 8128
310 8045 8041
311 8045 8051
312 8045 8054 8111
313 8045 8069 8150 8026
314 8045 8157
315 8045 8173
316 8045 8187 8049
317 8045 8188
318 8045 8189 8050 8030
319 8045 8227
320 8045 8228
321 8045 8409
322 8046 8045
323 8046 8047 8022
324 8046 8051
325 8046 8069
326 8046 8069 8183
327 8046 8085
328 8046 8116 8511
329 8046 8118
330 8046 8133 8552
331 8046 8158 8186
332 8046 8163
333 8046 8277 8026 8032
334 8046 8281 8039
335 8046 8486 8118 8395
336 8046 8537
337 8047 8060 8037
338 8048 8049
339 8050 8016 8046
340 8050 8041 8236 8026
341 8050 8051
342 8050 8216
343 8050 8242 8243 8244 8051
344 8051 8018 8276
345 8051 8026
346 8051 8026 8085
347 8051 8026 8129
348 8051 8026 8129 8136
349 8051 8026 8183
350 8051 8026 8186
351 8051 8027
352 8051 8027 8876 8680
353 8051 8041 8249
354 8051 8041 8293
355 8051 8045
356 8051 8046 8221 8026
357 8051 8049
358 8051 8055
359 8051 8055 9204 9205 8298
360 8051 8069
361 8051 8069 8039
362 8051 8069 9263
363 8051 8085
364 8051 8085 8326 8026 8069
365 8051 8093
366 8051 8093 9273
367 8051 8105
368 8051 8110
369 8051 8110 8159
370 8051 8111
371 8051 8118
372 8051 8118 8103 8384
373 8051 8121
374 8051 8122 8123
375 8051 8124
376 8051 8128
377 8051 8129
378 8051 8129 8055
379 8051 8129 8143
380 8051 8136
381 8051 8143
382 8051 8159 8129
383 8051 8159 8193
384 8051 8168
385 8051 8169 8626
386 8051 8176 8265
387 8051 8183 9178
388 8051 8186
389 8051 8193 8145 8814 8758 8085 8395 8570
390 8051 8193 8796
391 8051 8193 8805
392 8051 8208
393 8051 8223
394 8051 8228
395 8051 8241
396 8051 8241 8143
397 8051 8247
398 8051 8247 8110
399 8051 8255
400 8051 8256
401 8051 8261
402 8051 8272
403 8051 8277
404 8051 8277 8026 8395 8743
405 8051 8280 8056
406 8051 8280 8069
407 8051 8283 8026
408 8051 8285 8151 8286 8026
409 8051 8286
410 8051 8286 8277
411 8051 8286 8619
412 8051 8289 8290 8291 8118
413 8051 8289 8317
414 8051 8290
415 8051 8296
416 8051 8298
417 8051 8334
418 8051 8341
419 8051 8347 8193
420 8051 8348
421 8051 8361
422 8051 8363
423 8051 8366
424 8051 8372
425 8051 8374
426 8051 8383
427 8051 8384
428 8051 8395
429 8051 8396
430 8051 8404
431 8051 8406
432 8051 8409
433 8051 8416
434 8051 8440 8409 8441
435 8051 8450
436 8051 8460 8793
437 8051 8468
438 8051 8473 8069 8409
439 8051 8481
440 8051 8521 8170
441 8051 8530
442 8051 8551
443 8051 8558
444 8051 8565 8286
445 8051 8598
446 8051 8644 8991 8992 8616 8026 8347 8993 8994 8995 8996 8252
447 8051 8659 8745
448 8051 8663 8851 8852 8026
449 8051 8678
450 8051 8739
451 8051 8746 8607 8747 8055
452 8051 8752
453 8051 8859
454 8051 8885 8886 8887 8888
455 8051 8898
456 8051 8920 8836 8921 8788 8225 8215 8533 8922
457 8051 8927
458 8051 8938
459 8051 8949
460 8051 9044
461 8051 9050
462 8051 9091 9200 8129 9201 9202 9203 9141 8183
463 8051 9150 8616 9154
464 8051 9167
465 8051 9180
466 8051 9181 8159
467 8051 9183
468 8051 9211 9270
469 8051 9235
470 8052 8053
471 8053 8026
472 8053 8026 8051
473 8053 8034 8037 8109 8110
474 8053 8037 8065
475 8053 8056 8103
476 8053 8060 8150
477 8054 8026 8036 8051 8055 8056
478 8054 8026 8342 8051 8351 8352 8353 8354 8348 8143
479 8054 8032
480 8054 8051
481 8054 8201 8051
482 8054 8265 8361 8085
483 8054 8277
484 8054 8350
485 8055 8026
486 8055 8027
487 8055 8045 8183
488 8055 8051
489 8055 8051 8193
490 8055 8069
491 8055 8085
492 8055 8093
493 8055 8105
494 8055 8110
495 8055 8118
496 8055 8143
497 8055 8145
498 8055 8186
499 8055 8193
500 8055 8193 8570
501 8055 8258 8145
502 8055 8277 8758
503 8055 8285
504 8055 8286 8758
505 8055 8298 8758 9180 8093
506 8055 8384 8026
507 8055 8511
508 8055 8515 8339
509 8055 8558
510 8055 8616
511 8055 8619
512 8055 8758
513 8055 8795
514 8055 8839
515 8055 8860 8069 8026
516 8055 8908
517 8055 8962 8659
518 8055 9069
519 8055 9164 9171
520 8056 8024 8174 8175
521 8057 8037 8026 8058 8059
522 8057 8144 8145 8056
523 8060 8026 8056
524 8060 8069
525 8060 8139 8141
526 8060 8239
527 8061 8062 8063 8037 8064 8016 8065 8066 8067 8068 8069 8026 8070 8071 8072 8073 8039 8074 8075 8076 8077 8078
528 8062 8085 8083
529 8063 8026
530 8063 8050 8134 8060 8045
531 8063 8118 8121
532 8063 8120 8095 8151 8152 8153 8085 8154 8155 8156
533 8063 8137 8127 8118 8026
534 8063 8174
535 8063 8208 8026 8231
536 8066 8046 8042
537 8067 8026
538 8067 8177 8286 8287
539 8069 8026
540 8069 8027 9194 8813 9103 9116 9195 9007 9016 9196 9197
541 8069 8046
542 8069 8046 8229 8051
543 8069 8051
544 8069 8051 9259 9260
545 8069 8055 8153 8819
546 8069 8093
547 8069 8105
548 8069 8110 8736 8026 9004
549 8069 8111 8773
550 8069 8117 8046 8502 8026
551 8069 8118
552 8069 8118 8547 8548 8051
553 8069 8143
554 8069 8183
555 8069 8183 9307
556 8069 8186
557 8069 8193
558 8069 8196 9073 9074 9075
559 8069 8255
560 8069 8261
561 8069 8277
562 8069 8285
563 8069 8298
564 8069 8298 8248
565 8069 8349
566 8069 8357 8032
567 8069 8387
568 8069 8396 8760
569 8069 8422 8524 8525
570 8069 8490 9099 9100 8026
571 8069 8505
572 8069 8513
573 8069 8528 8298
574 8069 8530
575 8069 8545
576 8069 8546 8220
577 8069 8638
578 8069 8659
579 8069 8685
580 8069 8758
581 8069 8773 8183
582 8069 8813 8298 8387
583 8069 8850 8183 9215
584 8069 8900 9165 8813 8298
585 8069 9045
586 8069 9048 8870
587 8069 9064
588 8069 9141
589 8069 9157 9158 9159 9160 9161 9162
590 8069 9206
591 8069 9265 8124
592 8069 9285
593 8069 9286
594 8069 9296 8215 9297 9298 8290 8950 9110 9282
595 8072 8121
596 8076 8069
597 8079 8051
598 8079 8080 8081
599 8079 8129
600 8080 8257
601 8085 8026
602 8085 8026 8110 8469
603 8085 8027
604 8085 8051
605 8085 8129
606 8085 8175 8358
607 8085 8335 8336
608 8085 8399 8026
609 8085 8483
610 8085 8647
611 8087 8024
612 8087 8088 8089 8090
613 8087 8111 8132
614 8087 8135
615 8090 8040 8026
616 8091 8050
617 8092 8093
618 8092 8175
619 8092 8175 8225
620 8092 8285 9059 8129 8490 9060 8634
621 8092 8772
622 8092 9267 9267 9268 9269
623 8093 8025
624 8093 8025 8396 8027
625 8093 8027
626 8093 8027 8515
627 8093 8051
628 8093 8069
629 8093 8124
630 8093 8129
631 8093 8183
632 8093 8186
633 8093 8277 8285 9211
634 8093 8298
635 8093 8375
636 8093 8396 8339 9271
637 8093 8659
638 8093 8659 8051 9102
639 8093 8659 9238
640 8093 8813 8661 8055
641 8093 8836
642 8093 8898 8428 8027
643 8093 8944
644 8093 9061
645 8093 9092
646 8093 9092 8850
647 8093 9141 8183
648 8093 9155
649 8093 9156
650 8093 9265
651 8093 9289
652 8093 9294
653 8094 8026 8095
654 8096 8097 8047 8098
655 8097 8098
656 8098 8277
657 8098 8490
658 8098 8624
659 8099 8100
660 8103 8016 8026 8153
661 8103 8026
662 8103 8030
663 8103 8030 8046
664 8103 8037
665 8103 8045 8118 8212 8213 8026
666 8103 8104
667 8103 8107
668 8103 8118
669 8103 8118 8026
670 8103 8118 8026 8193
671 8103 8129
672 8103 8194
673 8103 8218 8105
674 8103 8220
675 8103 8221 8118
676 8103 8226
677 8103 8277
678 8103 8277 8051
679 8103 8357
680 8103 8449 8134
681 8105 8025
682 8105 8026
683 8105 8051
684 8105 8055
685 8105 8110 8196 8715
686 8105 8176
687 8105 8193
688 8105 8193 8713 8714
689 8105 8195
690 8105 8223
691 8105 8420 8069
692 8105 8685
693 8105 8717 8718
694 8105 8723 8193 8453 8724
695 8105 8755
696 8106 8026 8238
697 8106 8030
698 8107 8048
699 8110 8025 8695
700 8110 8026
701 8110 8026 8745
702 8110 8032
703 8110 8051
704 8110 8055
705 8110 8069
706 8110 8069 8051 9169 8685
707 8110 8069 8736 8758
708 8110 8093
709 8110 8093 8186
710 8110 8118 8067 8255
711 8110 8143
712 8110 8169
713 8110 8183 9186
714 8110 8186
715 8110 8193
716 8110 8193 8697
717 8110 8196 8026
718 8110 8220
719 8110 8255
720 8110 8258
721 8110 8277 8827 8781
722 8110 8285
723 8110 8286
724 8110 8315 8026
725 8110 8315 8857 8858
726 8110 8395 8940 8941
727 8110 8551
728 8110 8652 8653 8025 8533 8380 8654 8655
729 8110 8690 8900 8901 8902
730 8110 8707
731 8110 8736
732 8110 8752
733 8110 8758
734 8110 8773
735 8110 8777 8051 8255
736 8110 8782
737 8110 8794 8055
738 8110 8816 8990
739 8110 8820
740 8110 8825
741 8110 8829
742 8110 8844
743 8110 8850
744 8110 8897
745 8110 8909 8277 8118 8055
746 8110 8947 8169
747 8110 8948
748 8110 9078 8186 9079
749 8110 9127
750 8110 9179
751 8110 9188
752 8111 8026
753 8111 8026 8255
754 8111 8030 8330
755 8111 8046 8051
756 8111 8069
757 8111 8116 8261
758 8111 8118
759 8111 8143
760 8111 8146
761 8111 8185
762 8111 8193 8183
763 8111 8349
764 8111 8387 9001 9055 9056 8026 8533 9057
765 8111 8413
766 8111 8428
767 8111 8446 8447
768 8111 8453
769 8111 8628
770 8111 8758
771 8111 8781 8247
772 8113 8227
773 8115 8051 8116
774 8116 8118 8026
775 8116 8193 8277
776 8116 8255 8145 8489
777 8116 8277 8118 8495 8026 8118
778 8117 8032
779 8117 8116
780 8117 8223
781 8117 8362
782 8117 8375
783 8117 8451
784 8117 8508 8509 8510 8069 8502 8242 8511
785 8118 8026
786 8118 8051
787 8118 8055
788 8118 8085
789 8118 8093
790 8118 8111
791 8118 8111 8288 8026
792 8118 8117
793 8118 8118 8118 8111
794 8118 8129 8405 8111
795 8118 8143
796 8118 8153
797 8118 8185
798 8118 8188
799 8118 8227 8616 8936 8286 8937
800 8118 8255
801 8118 8260 8255 8250
802 8118 8281 8051
803 8118 8296
804 8118 8494 8788
805 8118 8687 8051 8111 8225 8688
806 8118 8781
807 8118 8904
808 8118 8904 8905
809 8119 8126
810 8119 8146
811 8119 8443
812 8120 8026
813 8121 8730
814 8124 8026
815 8124 8027
816 8124 8027 8298 9180
817 8124 8027 9150 8110 9151
818 8124 8027 9243 8836 9284 9180
819 8124 8110 8220
820 8124 8129 8298 9135
821 8124 8169 9261
822 8124 8183
823 8124 8186 8153
824 8124 8644 8027
825 8124 8647
826 8124 8736 9156
827 8124 8876
828 8124 8894
829 8124 8947 9051 8026
830 8124 9031
831 8124 9035 8026 9036
832 8124 9132
833 8124 9136
834 8124 9265
835 8128 8026
836 8128 8030 8118
837 8128 8046 8275
838 8128 8051 8146
839 8128 8056
840 8128 8118
841 8128 8129 8085
842 8128 8218
843 8128 8241
844 8128 8269
845 8128 8436
846 8128 8474
847 8128 8638
848 8129 8026
849 8129 8026 8186
850 8129 8030 8478
851 8129 8032
852 8129 8046
853 8129 8051
854 8129 8069
855 8129 8118 8146 8497
856 8129 8119
857 8129 8139
858 8129 8143
859 8129 8143 8487
860 8129 8186 8026 9062
861 8129 8222
862 8129 8248
863 8129 8266
864 8129 8315 8026
865 8129 8357 8527
866 8129 8363 8051
867 8129 8409
868 8129 8511 8329
869 8129 8667 8222
870 8129 8752
871 8129 8753 8026
872 8129 8792
873 8129 8903
874 8129 8906
875 8129 8907
876 8129 8947
877 8129 9206 8051
878 8130 8087 8056 8131
879 8133 8016 8045
880 8134 8051 8143
881 8134 8085
882 8134 8223
883 8136 8026 8259
884 8136 8056
885 8136 8274
886 8136 8305
887 8136 8416
888 8137 8016
889 8137 8046
890 8138 8060
891 8139 8023 8185
892 8139 8051
893 8139 8103 8030 8148 8045
894 8139 8112 8140
895 8139 8129
896 8139 8178 8179
897 8139 8210
898 8139 8214
899 8143 8050
900 8143 8085 8056
901 8143 8111
902 8143 8128
903 8143 8148 8024 8332
904 8143 8158 8118 8026 8477 8119 8481
905 8143 8172 8051
906 8143 8193
907 8143 8365
908 8143 8376
909 8143 8438
910 8143 8460
911 8143 8473
912 8143 8659
913 8145 8055
914 8145 8129
915 8145 8193
916 8145 8286
917 8146 8051
918 8146 8103 8207 8208
919 8146 8118
920 8146 8193 8129
921 8146 8193 8660
922 8146 8292
923 8146 8338 8339
924 8146 8382 8119 8026
925 8146 8400 8026 8401 8402 8055 8403
926 8146 9030
927 8147 8111 8118
928 8150 8055 8659
929 8150 8060 8222 8255 8256
930 8150 8118
931 8151 8616
932 8151 8735 8049
933 8153 8026 8049
934 8153 8193
935 8153 8358
936 8154 8051
937 8154 8110
938 8154 8923 8285 8924 8925 8225 8926 8341
939 8154 9090
940 8155 8769
941 8157 8085 8051
942 8157 9113 8169
943 8158 8026
944 8158 8051 8387
945 8159 8051
946 8159 8899 8051
947 8161 8162
948 8162 8026
949 8162 8046 8177
950 8162 8189
951 8162 8301
952 8164 8136
953 8165 8166 8160
954 8167 8168
955 8169 8026 8051
956 8169 8030
957 8169 8942
958 8171 8129 8139
959 8171 8342
960 8173 8601 8287
961 8174 8045
962 8175 8227
963 8176 8025 8284
964 8176 8046
965 8176 8056 8136 8026
966 8176 8128
967 8176 8129 8026
968 8176 8247
969 8176 8299 8118
970 8177 8046 8055
971 8177 8085
972 8177 8093
973 8177 8111
974 8177 8111 8116 8026
975 8177 8116 8330
976 8177 8292
977 8177 8294 8303 8304
978 8177 8356 8027
979 8177 8424 8425 8111 8103
980 8177 8620
981 8177 8736
982 8177 8758
983 8177 8820
984 8178 8085 8455 8456
985 8180 8056 8181
986 8183 8026 8055
987 8183 8026 8069
988 8183 8026 8093
989 8183 8026 8298
990 8183 8027
991 8183 8093
992 8183 8169
993 8183 8186
994 8183 8298
995 8183 8850
996 8183 9126
997 8183 9155
998 8183 9233 8659
999 8184 8051
1000 8184 8261
1001 8185 8051
1002 8185 8103 8358 8051
1003 8185 8111
1004 8186 8026
1005 8186 8026 8941
1006 8186 8026 8947
1007 8186 8026 9023
1008 8186 8026 9063
1009 8186 8027
1010 8186 8045
1011 8186 8051
1012 8186 8051 8298
1013 8186 8051 8853
1014 8186 8055
1015 8186 8055 9120 8051 9121
1016 8186 8069
1017 8186 8069 9206 8143 9219 9220
1018 8186 8093
1019 8186 8124
1020 8186 8129
1021 8186 8129 8913 9008
1022 8186 8157 8298
1023 8186 8183
1024 8186 8196
1025 8186 8196 8026 9019
1026 8186 8248 9085
1027 8186 8255
1028 8186 8298
1029 8186 8315 8758 9303 8183
1030 8186 8339
1031 8186 8347
1032 8186 8552
1033 8186 8616 8183
1034 8186 8618
1035 8186 8619
1036 8186 8626
1037 8186 8659
1038 8186 8736
1039 8186 8767 8026
1040 8186 8850
1041 8186 8850 8570
1042 8186 8850 8882 9061 9088
1043 8186 8890
1044 8186 8950
1045 8186 8962 9016
1046 8186 9001 8663
1047 8186 9014
1048 8186 9018
1049 8186 9026 8663 8277 8962 8298 9027 9028 9029
1050 8186 9031
1051 8186 9032
1052 8186 9043
1053 8186 9045 8124
1054 8186 9046
1055 8186 9061 8298 8836
1056 8186 9077
1057 8186 9078
1058 8186 9086
1059 8186 9117
1060 8186 9206
1061 8186 9210
1062 8186 9245 9111
1063 8186 9246 8027 9247 9187 9248
1064 8186 9259
1065 8186 9262
1066 8188 8329
1067 8188 9014 8196
1068 8189 8439
1069 8190 8026 8191
1070 8192 8193
1071 8193 8032
1072 8193 8051
1073 8193 8055
1074 8193 8069 8110
1075 8193 8093 8145
1076 8193 8111
1077 8193 8155
1078 8193 8247
1079 8193 8255
1080 8193 8260
1081 8193 8315
1082 8193 8339
1083 8193 8494
1084 8193 8513
1085 8193 8595 8255
1086 8193 8628
1087 8193 8673
1088 8193 8770 8759
1089 8193 8782
1090 8193 8813
1091 8193 8826 8069 8118
1092 8193 8843
1093 8195 8045 8103
1094 8196 8025 8193
1095 8196 8026
1096 8196 8055
1097 8196 8110
1098 8196 8124
1099 8196 8129
1100 8196 8183
1101 8196 8186
1102 8196 8197 8127
1103 8196 8227
1104 8196 8255
1105 8196 8255 8193
1106 8196 8296
1107 8196 8416 8330
1108 8196 8501
1109 8196 8501 8055
1110 8196 8613 8750
1111 8196 8736
1112 8196 8836 9258 9116
1113 8196 9005 9006
1114 8196 9021 9022
1115 8196 9156 8124 8758 8132 8685
1116 8202 8148 8056 8143
1117 8202 8203
1118 8202 8219 8103 8103 8136 8118
1119 8202 8412
1120 8203 8193
1121 8203 8261 8333
1122 8203 8350 8417
1123 8204 8063 8026 8205
1124 8208 8051
1125 8208 8085
1126 8208 8118
1127 8208 8177
1128 8208 8208 8231
1129 8208 8296
1130 8208 8296 8470
1131 8209 8103
1132 8211 8063 8045
1133 8214 8026
1134 8214 8215
1135 8215 9213 9214
1136 8216 8502
1137 8217 8049 8580 8581 8086 8395
1138 8217 8671 8672 8193
1139 8220 8026
1140 8220 8169
1141 8220 8285 8093
1142 8220 8330 8055
1143 8222 8025 8111
1144 8222 8026 8646
1145 8222 8069
1146 8222 8113 8223 8224
1147 8222 8596 8597 8111
1148 8223 8069
1149 8223 8085
1150 8223 8583 8193
1151 8223 8604
1152 8225 8026
1153 8225 8027
1154 8225 8143 8133 8710 8711 8193 8712
1155 8225 8186 8124
1156 8225 8193
1157 8225 8225
1158 8225 8255 8693
1159 8225 8609
1160 8225 8619
1161 8227 8030
1162 8227 8230
1163 8227 8286 8069 8573 8574
1164 8227 8563 8069
1165 8227 8720
1166 8228 8051
1167 8231 8105
1168 8231 8376
1169 8232 8218 8139
1170 8241 8024
1171 8241 8026
1172 8241 8051
1173 8241 8051 8127 8129
1174 8241 8051 8292 8118 8026
1175 8241 8085
1176 8241 8110
1177 8241 8176
1178 8241 8218
1179 8241 8265
1180 8241 8310
1181 8241 8315
1182 8241 8321
1183 8241 8329
1184 8245 8118 8026
1185 8246 8136 8247 8248
1186 8247 8051 8842
1187 8247 8758 8387
1188 8248 8026
1189 8248 8051
1190 8248 8105 8069 8119
1191 8248 8124
1192 8248 8159
1193 8248 8193
1194 8248 8528 9279
1195 8248 8548
1196 8248 8600 8706
1197 8248 8964 8428
1198 8250 8127
1199 8252 8026 8253 8129
1200 8254 8046
1201 8254 8069 8361
1202 8254 8106
1203 8254 8129
1204 8254 8296 8427 8208
1205 8255 8025
1206 8255 8051
1207 8255 8055
1208 8255 8110 8698
1209 8255 8129
1210 8255 8143
1211 8255 8193
1212 8255 8193 8553 8663 8664
1213 8255 8195
1214 8255 8248
1215 8255 8277
1216 8255 8460 8816
1217 8255 8628
1218 8255 8639
1219 8255 8643
1220 8255 8645
1221 8255 8736 8737 8026
1222 8258 8176
1223 8258 8290 8631 8111
1224 8258 8836
1225 8261 8030
1226 8261 8051
1227 8261 8069 8055 8686
1228 8261 8085 8331
1229 8261 8103 8043 8262 8111
1230 8261 8129
1231 8261 8185
1232 8261 8203
1233 8261 8266
1234 8261 8296
1235 8261 8409 8055 8255 8410 8411 8296 8145 8151
1236 8261 8418
1237 8261 8435 8051
1238 8261 8538
1239 8261 8566
1240 8261 8634
1241 8261 8748 8051
1242 8264 8085 8136
1243 8264 8255
1244 8265 8026
1245 8265 8056 8268 8250
1246 8265 8116 8322
1247 8265 8118
1248 8265 8342 8343 8344 8345 8333 8346
1249 8266 8026
1250 8266 8069
1251 8266 8110 8606 8248
1252 8266 8222
1253 8266 8267
1254 8266 8379 8409
1255 8266 8728
1256 8266 8758
1257 8270 8129 8271
1258 8271 8364
1259 8272 8026 8225
1260 8272 8051 8085
1261 8272 8053 8193
1262 8273 8176
1263 8277 8026
1264 8277 8026 8116
1265 8277 8026 8255 8110
1266 8277 8027
1267 8277 8027 9122 9123 9124 9125
1268 8277 8051 8503 8026 8053 8504 8505 8506 8183
1269 8277 8055
1270 8277 8069
1271 8277 8118
1272 8277 8118 8409 8281
1273 8277 8129 8217
1274 8277 8176
1275 8277 8193
1276 8277 8258 9065 9066 9067
1277 8277 8281 8499
1278 8277 8298 8055
1279 8277 8553
1280 8277 8567 8644 8055
1281 8277 8607
1282 8277 8619
1283 8277 8677
1284 8277 8736
1285 8277 8758
1286 8277 8758 8824
1287 8277 8773
1288 8277 8850 8983
1289 8277 9141
1290 8278 8279
1291 8280 8129 8451 8357 8452
1292 8281 8026
1293 8281 8051
1294 8282 8119
1295 8285 8026
1296 8285 8026 9007
1297 8285 8051
1298 8285 8110
1299 8285 8119
1300 8285 8153 9034
1301 8285 8186 8913
1302 8285 8193
1303 8285 8220
1304 8285 8339
1305 8285 8685 8764
1306 8285 8736
1307 8285 8740 8055 8266
1308 8285 8781
1309 8285 8939
1310 8285 9092 8659
1311 8285 9102
1312 8285 9174
1313 8286 8046 8119
1314 8286 8069
1315 8286 8093
1316 8286 8126
1317 8286 8217
1318 8286 8409 8296
1319 8286 8553 8193
1320 8286 8586 8223 8118 8039 8587
1321 8286 9111
1322 8286 9266
1323 8287 8105
1324 8287 8287
1325 8289 8248
1326 8289 8330
1327 8289 8631
1328 8289 8649
1329 8290 8753
1330 8294 8024
1331 8294 8030 8295 8296 8202 8297
1332 8294 8051
1333 8294 8171 8051 8195 8056 8313 8314 8232 8193
1334 8294 8316 8317
1335 8296 8051
1336 8296 8111 8046
1337 8296 8118
1338 8296 8129
1339 8296 8143
1340 8296 8143 8340 8133
1341 8296 8296
1342 8296 8409 8472
1343 8296 8451 8069 8461
1344 8296 8454
1345 8296 8475
1346 8296 8491
1347 8296 8564 8069 8026
1348 8298 8898
1349 8298 8942
1350 8298 9153
1351 8298 9177
1352 8298 9253 9071 9287 9265 8169 8771
1353 8299 8051
1354 8300 8301 8302
1355 8306 8162
1356 8307 8158 8308 8301 8309
1357 8311 8026 8312
1358 8315 8026 8865
1359 8315 8069 8093
1360 8315 8093
1361 8315 8129
1362 8315 8186
1363 8315 8685
1364 8315 8758 8129 8027
1365 8315 9010
1366 8315 9116
1367 8315 9265 8093 9288
1368 8318 8143
1369 8319 8110
1370 8319 8277
1371 8320 8143
1372 8321 8118
1373 8321 8208 8111
1374 8321 8388 8111 8026 8389 8051 8196 8390 8073
1375 8323 8324
1376 8325 8128
1377 8327 8328
1378 8329 8051
1379 8329 8119 8507
1380 8329 8277
1381 8329 8330
1382 8329 8457 8203
1383 8330 8143 8487
1384 8330 8281
1385 8330 8409
1386 8330 8487
1387 8330 8492
1388 8330 8500 8501 8134
1389 8330 8732 8733 8513 8734 8110
1390 8331 8051
1391 8331 8085
1392 8331 8176 8493 8170
1393 8331 8241 8337
1394 8331 8376
1395 8332 8051
1396 8333 8085 8241
1397 8334 8051
1398 8334 8051 8349
1399 8334 8355 8026
1400 8339 8069
1401 8339 8110
1402 8339 8129
1403 8339 8663
1404 8339 9001 9230 9231 8093 8851 8528 9190 9232
1405 8339 9003
1406 8339 9049
1407 8339 9180
1408 8339 9281
1409 8342 8839 8868
1410 8347 8225 8912
1411 8347 8396 8093
1412 8347 8613 8026
1413 8349 8026
1414 8349 8055
1415 8349 8143
1416 8357 8046
1417 8357 8069
1418 8357 8116
1419 8357 8118
1420 8357 8223 8522
1421 8357 8520
1422 8357 8528
1423 8357 8531 8193
1424 8357 8666 8111
1425 8358 8051
1426 8358 8201
1427 8358 8280
1428 8359 8331 8360 8193
1429 8361 8026
1430 8361 8026 8371
1431 8361 8103
1432 8361 8255
1433 8361 8289 8605
1434 8361 8616
1435 8363 8026 8891 8892
1436 8363 8027 9293
1437 8363 8051
1438 8363 8093 9131
1439 8363 8448
1440 8363 9071 9301
1441 8365 8147 8585
1442 8367 8026
1443 8367 8046 8516
1444 8367 8111 8186
1445 8367 8296
1446 8367 8368
1447 8369 8370
1448 8371 8498 8260
1449 8373 8374 8051 8375
1450 8374 8026 8051
1451 8374 8045 8129 8051
1452 8374 8051
1453 8374 8085
1454 8374 8103
1455 8374 8332 8215 8153
1456 8374 8350 8024
1457 8374 8358
1458 8374 8378 8026 8256 8277 8379 8380
1459 8374 8386
1460 8376 8193 8607 8129
1461 8377 8372
1462 8379 8118
1463 8379 8162
1464 8379 8467
1465 8380 8193
1466 8381 8208
1467 8384 8129 9109
1468 8384 8745
1469 8385 8158
1470 8387 8110 8801 8121 8802 8803
1471 8387 8124 8339 9091
1472 8387 8277
1473 8387 8339 8841 8950 8950 8951
1474 8387 8569
1475 8387 9103
1476 8388 8231
1477 8388 8286 8409
1478 8391 8051
1479 8392 8051
1480 8395 8659
1481 8396 8051
1482 8396 8102 9009
1483 8396 8124 8619
1484 8396 8397
1485 8396 8850
1486 8396 9015
1487 8396 9302
1488 8398 8026
1489 8398 8055
1490 8398 8069 8854
1491 8407 8408
1492 8409 8026 8286
1493 8409 8051 8026
1494 8409 8094
1495 8409 8358 8153 8434
1496 8409 8433
1497 8409 8462 8463 8464
1498 8409 8466
1499 8409 8471 8292 8387 8110
1500 8409 8484 8485
1501 8413 8409
1502 8414 8026
1503 8415 8153
1504 8419 8193
1505 8421 8422
1506 8423 8185
1507 8424 8051 8616 8055
1508 8424 8856
1509 8424 9107
1510 8426 8118
1511 8428 8025 8862
1512 8428 8093 8115
1513 8428 8850
1514 8429 8430
1515 8431 8432
1516 8437 8333
1517 8442 8026
1518 8443 8444 8026 8445 8136 8439 8193
1519 8457 8111
1520 8457 8118 8225
1521 8459 8055
1522 8459 8159 8914 8915 8916 8917 8918 8919
1523 8460 8520
1524 8465 8409
1525 8467 8193
1526 8469 8055
1527 8473 8073 8026 8051 8103
1528 8473 8255
1529 8473 8409
1530 8473 8570 8571 8572
1531 8476 8477
1532 8477 8422
1533 8479 8480
1534 8482 8483
1535 8488 8119
1536 8490 8026
1537 8490 8046
1538 8490 8118
1539 8490 8124
1540 8490 8129 8026 8389 8266 8607
1541 8490 8159
1542 8490 8183
1543 8490 8193
1544 8490 8315
1545 8490 8644
1546 8490 8807
1547 8490 8823
1548 8490 8970 8971 8972
1549 8490 9133
1550 8490 9236 8851
1551 8494 8286 8111
1552 8494 8290 8027
1553 8494 8754 8069
1554 8495 8129 8286
1555 8498 8032 8055
1556 8511 8051
1557 8512 8860 8533 8760
1558 8513 8051
1559 8513 8193 8661
1560 8514 8105 8193 8515
1561 8515 8248
1562 8517 8518 8286 8519
1563 8520 8657
1564 8523 8116 8277
1565 8526 8069
1566 8528 8055
1567 8528 8124
1568 8528 8652
1569 8528 9146 9144 8027 8129 9147 8387 9148 8647 8298
1570 8530 8055 8929 8930 8752
1571 8530 8069
1572 8530 8105
1573 8530 8227 8103
1574 8530 8535
1575 8530 8579
1576 8533 8051 8026
1577 8536 8261
1578 8539 8409
1579 8539 8490 8118 8079 8540 8290 8541 8542 8543 8544 8055 8481 8379
1580 8540 8051
1581 8542 8046
1582 8545 8751
1583 8553 8193
1584 8553 8741 8742
1585 8554 8555
1586 8554 8559 8069 8049
1587 8556 8051
1588 8557 8286
1589 8557 8638
1590 8557 8736
1591 8557 8866
1592 8560 8561 8049 8562
1593 8567 8568 8569
1594 8569 8026
1595 8569 8055
1596 8569 8188
1597 8569 8396
1598 8570 8026 8928
1599 8570 8736 8395 8961
1600 8575 8223
1601 8576 8577 8134 8372 8051 8578
1602 8582 8069
1603 8584 8223
1604 8586 8129
1605 8586 8588
1606 8586 8594 8569
1607 8587 8055
1608 8589 8590 8330 8591 8592
1609 8598 8025 8255
1610 8598 8051
1611 8598 8069
1612 8598 8069 8521
1613 8598 8069 8599 8600
1614 8598 8193
1615 8598 8222
1616 8598 8248 8193
1617 8598 8774
1618 8603 8530
1619 8605 8051
1620 8607 8773
1621 8608 8051
1622 8608 8133 8277
1623 8608 8614 8490 8615
1624 8610 8193
1625 8610 8611 8612
1626 8610 8960
1627 8613 8051 8784
1628 8613 8110
1629 8616 8129 8051
1630 8616 8459 8459 8118 8910
1631 8616 8490
1632 8616 8818
1633 8616 8866
1634 8616 8869 8055
1635 8616 8893
1636 8616 8897
1637 8616 8898 8183
1638 8617 8608
1639 8618 8105
1640 8618 8845
1641 8618 9110
1642 8619 8026
1643 8619 8027
1644 8619 8051
1645 8619 8051 8027
1646 8619 8183
1647 8621 8347 8255
1648 8622 8129
1649 8623 8214
1650 8625 8193 8490
1651 8632 8025
1652 8633 8558 8193
1653 8634 8863 8864
1654 8635 8193
1655 8637 8277
1656 8640 8641
1657 8642 8222
1658 8644 8129
1659 8644 8196
1660 8644 8248 8111
1661 8644 8708 8124 8831 8685
1662 8647 8027
1663 8647 8051 8247 8026
1664 8647 8110 8026 8846
1665 8647 8866
1666 8647 8989
1667 8648 8248
1668 8651 8289
1669 8658 8380
1670 8658 9061
1671 8659 8026
1672 8659 8026 8055
1673 8659 8027 9222 8093 8339 9044
1674 8659 8069
1675 8659 8093
1676 8659 8153 8888 8026
1677 8659 8169
1678 8659 8183 9076
1679 8659 8196 8183
1680 8659 8196 8619
1681 8659 8619
1682 8659 8773
1683 8659 9001
1684 8659 9111
1685 8662 8255 8055
1686 8665 8348 8286 8395
1687 8666 8248
1688 8676 9058
1689 8679 8193
1690 8680 8681
1691 8682 8613
1692 8683 8684
1693 8685 8026
1694 8685 8069
1695 8685 8124 8051 9283
1696 8685 8143
1697 8685 8145 8783 8982
1698 8685 8387
1699 8685 8428 8686
1700 8686 8701 8622
1701 8686 8955
1702 8689 8177 8116
1703 8689 8248
1704 8691 8110
1705 8692 8255 8129 8111
1706 8702 8703 8704 8229
1707 8705 8552
1708 8708 8026 8830 8831 8832 8833 8806
1709 8708 8049
1710 8708 8255 8193
1711 8708 8285 8871 8026
1712 8708 8781
1713 8711 8032 8055 8484
1714 8716 8055 8285 8118
1715 8719 8026
1716 8719 8758
1717 8721 8722 8315
1718 8725 8726
1719 8727 8255
1720 8736 8026
1721 8736 8051
1722 8736 8055 8093
1723 8736 8093 8773
1724 8736 8110
1725 8736 8118
1726 8736 8124 9054
1727 8736 8169
1728 8736 8177 8758
1729 8736 8186 8026
1730 8736 8220 8758 8110 8183 8157 9064
1731 8736 8277 9070 8220 8110
1732 8736 8396
1733 8736 8570
1734 8736 8758 8946
1735 8736 8898
1736 8736 8932
1737 8736 8953
1738 8736 9038
1739 8736 9042
1740 8736 9052
1741 8736 9111
1742 8736 9187
1743 8736 9226 9156 9227
1744 8736 9257
1745 8736 9304
1746 8738 8258
1747 8741 8051
1748 8745 8153
1749 8752 8026
1750 8752 8685
1751 8756 8757 8339
1752 8758 8026
1753 8758 8026 8124
1754 8758 8027
1755 8758 8124 8196 8093
1756 8758 8159 8834 8055 8055 8861 8716
1757 8758 8193
1758 8758 8220
1759 8758 8315
1760 8758 8315 8834 8055 8835
1761 8758 8349 8055
1762 8758 8515
1763 8758 8663 8395 8093 8258 9168
1764 8758 8708
1765 8758 8736
1766 8758 8872 8873
1767 8758 8927 9244
1768 8759 8680
1769 8760 8055 8103
1770 8760 8093
1771 8761 8155 8069
1772 8767 8768 8255
1773 8771 8105 8772 8666 8414 8732 8155
1774 8771 8736 8026
1775 8773 8118
1776 8773 8186
1777 8773 8978
1778 8774 8051
1779 8774 8339
1780 8775 8193
1781 8776 8193
1782 8778 8196 8736
1783 8778 8387 8277
1784 8778 8629 8124
1785 8778 8855
1786 8779 8758 8115
1787 8780 8781
1788 8781 8051
1789 8781 8055
1790 8781 8069
1791 8781 8118
1792 8781 8255
1793 8781 8806
1794 8783 8076
1795 8783 8298
1796 8783 8808 8809 8026 8810 8811 8363
1797 8785 8786
1798 8787 8093
1799 8789 8790 8781 8791
1800 8795 8026 8569 8792
1801 8795 8055
1802 8795 8111
1803 8795 8153 8743 8812
1804 8795 8193
1805 8797 8193 8798
1806 8799 8800
1807 8804 8055
1808 8807 8193
1809 8812 8815
1810 8816 8026
1811 8817 8145
1812 8817 8781
1813 8820 8110
1814 8821 8822 8055 8351 8781
1815 8828 8617
1816 8834 8025 8685 8026 8183
1817 8834 8051
1818 8834 8110
1819 8834 8110 8753 8931 8051
1820 8834 8124 8026
1821 8836 8055
1822 8839 8887
1823 8840 8026
1824 8840 8841
1825 8841 8285 9000
1826 8841 9007
1827 8847 8145
1828 8848 8849
1829 8850 8092
1830 8850 8118
1831 8850 8129
1832 8850 8183
1833 8850 8186
1834 8850 8347
1835 8850 8659
1836 8850 8736
1837 8850 8736 8686 8055
1838 8850 8981
1839 8850 8997
1840 8850 9025
1841 8850 9102
1842 8850 9105
1843 8853 8647 8634
1844 8857 8765 8049 8169
1845 8860 8026
1846 8860 8055
1847 8860 8616 8758 8884
1848 8860 8986 8987
1849 8860 9020
1850 8862 8026
1851 8865 8051
1852 8866 8110 9141
1853 8866 8867
1854 8870 8752
1855 8872 8874
1856 8876 8183
1857 8876 9153
1858 8882 8286
1859 8883 8850
1860 8889 8315 8890
1861 8890 8055
1862 8890 8736
1863 8890 8772
1864 8890 9280
1865 8893 8963
1866 8895 8896
1867 8897 8026
1868 8897 8026 8866 8376 8945
1869 8898 8093
1870 8898 8836 9216 9217 8528
1871 8898 9272 9274 9275 9276 9277 9150 9278 9270
1872 8902 8957 8976 8977
1873 8911 8111
1874 8913 8026 8183
1875 8913 8428
1876 8933 8934 8118 8935
1877 8942 8026
1878 8942 9143 9141 8349
1879 8943 8866
1880 8950 8055 9198 8298 9116
1881 8952 8248
1882 8954 8026
1883 8956 8957
1884 8957 8110
1885 8957 8153
1886 8957 8196 8965
1887 8957 8428 8339
1888 8957 8428 8966 8118
1889 8957 8890 8103
1890 8957 8893 8974
1891 8958 8959 8957 8490
1892 8962 8758 8111
1893 8967 8968
1894 8969 8118
1895 8973 8685
1896 8975 8412 8051
1897 8979 8980
1898 8984 8708
1899 8985 8055
1900 8985 8196 8895 8988
1901 8985 8685
1902 8998 8736 8110 8999
1903 9001 8026
1904 9001 8027
1905 9001 8231
1906 9001 8315
1907 9001 8395
1908 9002 8026 8298 8387
1909 9011 8758 9012 9013 8298
1910 9014 8196
1911 9015 8143 8055
1912 9015 8277 8947
1913 9015 8610 9149 8758
1914 9015 8644
1915 9015 8758
1916 9015 8900
1917 9015 9106 8027
1918 9017 8890
1919 9024 8186
1920 9031 8069 8196 9156
1921 9031 9001
1922 9033 8124
1923 9033 8772
1924 9039 9040 8850 9041
1925 9047 9048 8055
1926 9048 8129
1927 9048 9184 9185 9186 8339
1928 9053 8186
1929 9061 8129
1930 9061 8569
1931 9061 9199
1932 9064 8659
1933 9068 8186
1934 9071 8026 9072
1935 9080 8395
1936 9080 9156
1937 9086 8616
1938 9089 8616 8026
1939 9092 9061
1940 9092 9093
1941 9097 8248 8055
1942 9101 8339
1943 9103 9031 8093
1944 9109 8069
1945 9109 8626
1946 9109 8850 9071 9092
1947 9109 9221 9156
1948 9111 8183
1949 9112 8659
1950 9112 9114
1951 9116 8882
1952 9118 9119
1953 9134 8124
1954 9136 8027 9172 9173 8110 8395
1955 9136 8293
1956 9139 9300
1957 9141 8051 9142 8833
1958 9141 8129 9180
1959 9141 8159 8913 9242
1960 9141 8298
1961 9150 9272
1962 9152 9103 9144 8215 9153 8129 9011
1963 9155 8051
1964 9156 8055
1965 9156 8110
1966 9156 8277
1967 9156 8890
1968 9163 9164 8758
1969 9175 8396
1970 9180 8124
1971 9182 8339
1972 9189 9190 8589 9191 9192
1973 9193 8186 9102
1974 9206 8143
1975 9206 8659
1976 9207 8051
1977 9207 9208 9209
1978 9218 8339
1979 9223 9224 8528 9225
1980 9228 8027
1981 9239 8055
1982 9240 8183
1983 9243 8248 8051
1984 9251 8659
1985 9263 9309 9156 9310
1986 9264 8055
1987 9265 8736
1988 9299 8093
1989 9305 8051 8093 8169 9306
