0 34 246 34 34 34 34 34 34 34 34 133 34 34 34 34 34 34 
1 17 17 17 17 17 17 20 20 17 17 17 
2 22 34 34 34 34 34 34 34 34 34 34 34 
3 34 34 910 34 188 34 34 34 444 724 34 34 34 34 34 34 
4 188 34 34 34 34 34 34 51 34 34 34 34 50 34 34 50 77 34 
5 34 34 34 34 34 34 34 34 34 
6 34 34 34 34 34 34 89 278 34 51 34 34 
7 34 34 34 34 34 34 34 133 34 34 34 34 34 34 
8 34 34 34 50 34 34 34 34 34 34 0 
9 27 27 27 27 27 27 27 27 27 27 
10 34 34 26 50 50 50 34 50 50 50 50 50 50 50 50 50 50 
11 34 34 34 34 50 34 34 34 34 34 26 34 34 34 34 34 
12 50 26 34 50 50 50 50 50 50 89 
13 34 34 34 34 0 34 34 34 34 34 670 34 34 
14 23 23 34 23 23 278 23 23 23 240 23 23 
15 27 34 34 34 34 22 
16 0 34 724 34 34 34 34 34 34 34 22 
17 34 34 34 34 34 34 34 34 337 34 34 34 77 
18 0 34 34 34 32 34 34 34 34 34 34 34 
19 34 34 34 34 34 34 34 34 34 34 50 34 17 34 51 
20 34 34 34 34 34 34 50 34 34 34 34 50 34 
21 34 51 34 34 34 
22 337 278 278 26 278 278 290 
23 27 27 27 27 27 27 27 27 26 34 34 
24 34 50 34 34 34 34 34 17 34 34 34 244 34 34 244 
25 34 34 34 34 34 457 119 34 34 34 34 34 50 0 34 457 34 
26 34 34 34 50 34 34 0 34 34 34 34 0 34 
27 34 34 34 34 34 724 34 34 34 51 133 34 34 
28 50 50 50 50 50 50 50 50 157 50 
29 34 34 34 133 34 34 34 34 34 34 34 34 20 34 
30 26 26 26 217 26 26 
31 34 34 20 34 34 32 34 34 34 34 34 34 
32 34 34 34 34 34 34 34 34 34 34 34 34 50 34 34 34 34 
33 34 864 34 34 34 34 34 34 34 34 
34 34 240 90 34 34 34 34 34 34 34 50 23 34 
35 27 27 27 50 27 27 27 34 27 27 27 51 27 34 27 
36 50 26 50 50 50 50 50 50 50 50 50 34 50 50 50 50 
37 34 34 17 34 34 34 34 34 34 34 34 34 
38 34 133 724 34 34 34 34 34 34 34 34 34 34 34 34 20 0 
39 26 26 26 26 26 26 26 26 
40 34 34 34 34 34 34 34 34 0 34 34 34 
41 34 20 34 34 460 34 34 246 34 34 670 34 34 
42 34 34 34 34 34 50 34 34 34 34 34 337 34 34 
43 34 34 34 34 34 34 47 34 34 
44 34 34 34 34 34 34 34 26 34 34 34 
45 34 34 34 34 34 34 
46 34 51 34 34 34 34 34 
47 34 34 34 264 34 34 26 34 34 34 34 34 51 0 362 51 
48 129 129 129 129 129 129 129 
49 34 34 34 50 50 34 0 34 670 34 34 34 34 34 
50 34 34 34 34 34 34 
51 34 34 50 34 34 34 34 34 0 34 34 34 34 34 34 
52 34 34 0 34 34 34 670 34 34 34 34 
53 0 0 0 0 34 0 0 0 159 0 0 0 0 51 
54 50 50 50 50 50 50 50 50 457 50 
55 17 17 34 17 17 17 17 17 17 17 17 17 17 17 125 17 17 
56 50 34 34 27 34 34 133 34 34 34 34 34 20 34 
57 34 34 34 26 34 34 34 34 26 50 34 34 34 34 
58 34 147 34 34 34 34 864 34 34 34 34 34 34 34 0 50 
59 34 34 34 50 34 34 34 457 34 34 34 34 34 34 34 
