0 342 246 342 51 51 0 51 382 311 46 133 12 368 51 342 342 20 
1 17 158 255 22 0 382 22 20 51 311 382 
2 463 34 17 85 22 187 679 34 22 110 51 382 
3 51 0 0 34 0 51 114 305 444 0 46 34 64 34 179 29 
4 114 34 51 22 382 51 51 51 22 342 311 51 85 34 51 50 77 382 
5 51 0 255 342 382 187 255 337 34 
6 51 0 34 22 382 373 89 278 0 321 34 51 
7 163 4 158 158 51 280 382 344 255 305 81 311 56 51 
8 368 0 255 50 382 51 34 460 305 34 0 
9 287 255 120 598 29 61 342 382 382 22 
10 22 17 0 305 34 46 64 812 255 337 22 187 244 50 51 179 382 
11 342 51 51 418 368 0 0 382 382 422 85 51 51 342 0 51 
12 51 51 51 120 342 311 50 29 22 88 
13 51 382 615 114 143 422 64 255 0 368 670 34 311 
14 17 596 34 51 382 290 0 51 22 244 311 64 
15 590 255 382 305 51 22 
16 0 46 776 368 0 342 321 0 0 51 22 
17 158 22 382 22 615 615 654 51 337 255 255 460 77 
18 0 311 255 61 287 382 255 34 22 51 110 179 
19 172 255 51 22 382 51 311 51 255 255 22 34 17 305 51 
20 342 34 0 20 51 51 252 342 255 22 51 50 382 
21 0 51 29 382 22 
22 337 255 272 26 0 311 290 
23 46 342 138 255 51 29 51 382 26 51 34 
24 342 51 34 34 20 342 311 17 596 0 29 244 34 22 244 
25 172 110 51 34 0 457 119 382 34 342 64 0 615 0 51 85 20 
26 342 110 158 108 328 2 0 368 22 566 255 0 305 
27 255 382 22 51 22 0 51 0 255 51 985 34 382 
28 51 158 56 158 654 51 50 382 158 34 
29 342 51 0 133 311 51 615 51 321 22 64 34 51 64 
30 51 120 26 252 342 59 
31 342 0 17 56 51 287 255 17 382 290 81 34 
32 342 51 0 382 51 51 51 51 46 12 0 368 22 34 20 179 382 
33 172 654 56 51 255 22 382 342 255 17 
34 342 26 84 382 51 368 64 382 255 342 51 23 12 
35 51 0 51 129 337 17 382 305 17 342 460 51 51 34 29 
36 342 26 0 34 0 108 382 17 20 2 255 51 255 102 305 179 
37 342 51 17 342 615 382 17 22 0 51 311 382 
38 17 187 17 0 0 22 0 311 0 311 368 22 342 502 22 22 0 
39 255 382 34 34 305 51 382 26 
40 51 262 172 158 51 382 22 342 0 342 88 110 
41 34 20 382 0 460 64 114 246 0 56 129 255 255 
42 17 0 34 0 615 0 342 22 0 255 64 337 460 255 
43 46 342 12 0 342 22 46 22 382 
44 342 255 0 51 120 22 382 26 29 64 382 
45 22 342 382 29 342 311 
46 311 51 311 255 84 22 59 
47 342 34 51 382 51 51 26 328 368 255 34 305 102 120 362 51 
48 4 311 12 255 129 22 110 
49 342 51 445 50 110 51 0 51 129 342 819 34 51 382 
50 342 255 342 255 22 342 
51 158 0 51 22 22 20 0 51 0 255 56 368 100 17 0 
52 158 51 0 100 382 342 670 422 311 342 51 
53 51 114 615 0 20 51 46 4 159 0 311 22 0 51 
54 342 2 110 110 985 382 382 255 85 305 
55 342 4 0 158 51 51 255 51 17 342 12 368 342 120 26 382 179 
56 50 51 34 85 51 321 85 22 46 255 255 112 51 51 
57 17 51 51 26 382 34 0 51 26 252 342 17 311 382 
58 255 85 615 22 382 615 864 311 51 311 0 255 373 22 0 110 
59 342 342 51 51 17 0 0 457 422 382 34 0 34 305 382 
