0 34 26 34 34 34 34 34 34 34 34 133 34 34 34 34 34 20 
1 767 34 34 213 0 34 20 20 290 34 782 
2 654 34 34 34 159 34 20 34 34 34 34 782 
3 34 34 290 34 26 285 34 34 444 896 34 34 34 34 34 34 
4 26 34 285 213 34 34 34 290 34 34 34 34 50 34 34 50 77 782 
5 34 34 34 34 34 34 34 34 34 
6 34 34 34 213 34 34 89 278 34 321 34 20 
7 34 213 34 34 285 34 34 344 34 34 34 34 34 34 
8 34 20 34 50 34 34 34 34 34 34 290 
9 287 34 226 598 34 34 34 34 34 34 
10 34 34 896 34 34 34 34 811 34 50 50 34 50 50 34 34 782 
11 34 34 213 285 50 20 34 34 34 285 26 34 34 34 34 34 
12 34 285 34 159 20 34 50 34 34 566 
13 285 34 290 34 161 285 34 20 34 34 670 34 34 
14 26 34 34 285 34 290 290 34 34 244 34 65 
15 27 34 34 34 285 22 
16 0 34 773 34 34 34 20 34 20 34 22 
17 990 34 34 34 34 34 34 34 201 34 34 34 77 
18 26 34 34 34 457 34 34 34 34 34 34 34 
19 34 34 285 34 34 34 34 34 34 34 50 34 294 34 51 
20 34 34 20 20 34 34 217 34 34 20 34 50 782 
21 34 545 34 34 30 
22 337 34 34 26 26 34 290 
23 34 34 138 34 34 159 5 34 26 34 34 
24 34 50 34 34 20 34 34 26 34 34 34 244 34 34 244 
25 34 34 285 34 34 457 119 34 34 34 34 34 50 26 34 457 20 
26 34 34 34 50 34 34 26 34 34 34 243 428 34 
27 34 34 34 34 34 896 34 34 34 51 985 34 782 
28 243 34 34 34 34 285 50 34 156 34 
29 34 34 34 133 34 34 290 34 321 34 34 34 20 34 
30 545 120 26 217 34 34 
31 34 34 20 34 285 457 34 20 34 290 34 34 
32 34 285 34 34 34 34 34 285 34 34 34 34 50 34 20 34 782 
33 34 226 34 285 34 213 34 34 34 34 
34 34 26 84 34 34 34 34 290 34 34 50 23 34 
35 20 34 285 129 337 973 34 34 17 34 460 51 20 34 34 
36 34 26 20 34 34 50 34 863 20 34 34 34 243 50 34 34 
37 34 34 17 34 34 34 34 34 290 34 34 782 
38 34 26 973 34 34 34 290 34 34 34 34 34 34 34 34 20 129 
39 34 34 34 34 34 34 34 26 
40 213 383 34 990 285 34 34 34 0 34 34 34 
41 34 20 34 34 460 34 34 246 34 34 129 34 34 
42 34 20 34 34 34 50 34 34 34 34 34 337 34 34 
43 34 34 34 20 34 213 47 20 782 
44 34 20 20 34 285 213 34 26 34 65 782 
45 170 30 34 34 34 34 
46 34 285 34 34 285 34 34 
47 34 34 285 383 34 34 26 34 34 34 34 34 213 294 362 294 
48 213 34 34 34 129 34 34 
49 34 243 34 50 990 34 26 243 129 34 34 34 34 782 
50 34 34 34 34 20 34 
51 34 20 50 213 34 20 34 20 26 34 34 34 34 34 20 
52 990 34 0 34 34 20 670 34 34 34 34 
53 34 34 34 122 20 34 34 863 159 34 34 34 428 51 
54 34 34 34 34 985 34 34 34 457 34 
55 34 213 34 990 34 290 34 34 188 34 34 34 34 34 26 782 34 
56 50 34 34 23 34 20 31 34 34 34 34 34 20 34 
57 34 213 34 26 34 34 34 20 26 217 285 34 34 782 
58 34 147 34 213 34 34 864 34 34 34 285 34 34 34 26 110 
59 34 34 34 50 34 20 34 457 34 34 34 34 34 34 782 
