2 3 319 3
337 2 25 2
41 3 113 3
137 2 46 2
512 6 68 5
338 2 13 2
55 3 46 3
60 3 17 3
513 3 24 3
514 4 45 4
111 4 166 4
59 2 14 2
107 8 288 7
108 2 31 2
109 7 232 7
110 4 41 4
515 4 71 4
6 3 36 3
339 4 55 4
340 2 19 2
15 2 17 2
341 2 27 2
31 4 66 4
8 2 11 2
58 2 12 2
67 3 19 3
5 2 17 2
4 2 38 2
279 2 28 2
134 4 61 4
76 2 13 2
22 2 13 2
49 2 16 2
75 4 92 4
1 2 19 2
54 3 259 3
70 2 10 2
92 2 16 2
93 2 15 2
280 2 24 2
281 2 21 2
282 2 15 2
283 3 18 3
285 3 32 3
144 3 18 3
284 2 15 2
469 4 39 4
102 3 27 3
470 2 13 2
286 2 21 2
3 2 12 2
7 3 27 3
287 3 59 3
953 2 15 2
46 2 23 2
959 2 23 2
960 5 40 5
135 2 14 2
288 3 39 3
145 3 27 3
56 2 11 2
328 3 23 3
961 2 12 2
962 16 297 8
66 4 36 4
473 2 14 2
963 2 24 2
964 2 24 2
62 2 12 2
965 2 14 2
966 2 37 2
103 4 49 4
289 2 17 2
290 5 44 5
291 2 14 2
123 3 24 3
975 3 64 3
81 2 20 2
332 2 16 2
976 2 16 2
17 2 17 2
104 4 128 4
977 4 52 4
482 2 34 2
200 3 73 3
16 3 38 3
978 2 13 2
979 3 71 3
980 4 48 4
24 2 34 2
201 3 60 3
988 2 21 2
989 3 25 3
202 2 11 2
485 2 44 2
486 2 37 2
487 3 28 3
990 2 29 2
71 2 16 2
293 2 20 2
294 4 182 4
42 2 14 2
488 4 58 4
991 2 18 2
992 2 24 2
336 2 50 2
199 3 143 3
48 2 42 2
79 3 150 3
105 2 12 2
84 5 68 5
68 3 39 3
80 3 26 3
1001 2 15 2
493 5 62 5
204 2 23 2
494 3 32 3
196 3 29 3
495 3 54 3
9 2 13 2
206 6 59 5
29 2 11 2
23 2 21 2
36 2 14 2
37 3 41 3
14 2 24 2
38 3 37 3
39 3 25 3
40 2 21 2
13 2 12 2
33 2 53 2
34 2 14 2
35 2 30 2
11 2 21 2
1007 3 28 3
1008 2 12 2
1009 2 12 2
1010 2 14 2
1013 2 45 2
315 2 27 2
1014 2 16 2
174 3 20 3
1015 2 10 2
207 3 44 3
136 2 15 2
503 2 32 2
504 2 22 2
128 2 10 2
1016 3 23 3
1021 2 25 2
297 3 15 3
298 2 12 2
299 2 19 2
300 2 18 2
1022 2 26 2
506 3 35 3
101 2 13 2
127 2 16 2
507 5 303 5
96 3 78 3
1023 2 13 2
511 2 17 2
1028 2 13 2
1029 3 43 3
1030 2 69 2
1031 2 14 2
330 3 18 3
273 2 10 2
274 3 21 3
275 3 38 3
929 2 14 2
933 3 19 3
459 4 36 4
938 3 54 3
460 2 11 2
941 3 23 3
940 2 20 2
61 2 10 2
161 2 55 2
162 4 57 4
188 2 26 2
319 2 22 2
133 2 12 2
951 2 14 2
164 2 18 2
165 2 55 2
166 2 21 2
163 4 49 4
32 2 12 2
467 3 38 3
468 3 19 3
117 2 24 2
85 3 26 3
82 2 13 2
118 3 26 3
119 2 51 2
120 2 13 2
956 3 31 3
191 3 89 3
471 2 30 2
308 2 46 2
65 2 12 2
472 2 26 2
968 2 11 2
969 2 50 2
475 3 24 3
476 2 13 2
477 2 26 2
971 2 15 2
972 2 13 2
57 2 28 2
973 2 21 2
974 2 14 2
981 2 11 2
985 2 11 2
987 2 11 2
484 2 25 2
69 2 35 2
489 2 14 2
203 2 15 2
994 2 16 2
335 2 24 2
333 2 35 2
490 2 15 2
491 2 43 2
999 3 21 3
171 2 12 2
172 3 38 3
173 2 13 2
492 2 16 2
1002 2 10 2
1003 2 10 2
496 3 22 3
497 2 15 2
498 2 15 2
205 2 11 2
1004 2 73 2
1005 4 68 4
499 2 15 2
500 2 18 2
12 2 11 2
1006 2 11 2
501 2 18 2
295 2 18 2
20 3 32 3
502 2 12 2
30 3 23 3
1011 2 16 2
1012 2 10 2
1017 2 12 2
1018 2 17 2
1019 2 20 2
106 3 42 3
296 3 49 3
1020 4 37 4
98 5 67 5
505 2 19 2
508 3 37 3
509 2 45 2
1024 2 18 2
510 3 15 3
195 2 16 2
1025 4 52 4
97 2 12 2
28 2 24 2
50 2 13 2
1026 3 18 3
1027 2 22 2
658 3 30 3
314 2 12 2
662 2 66 2
368 2 11 2
187 3 61 3
667 2 15 2
141 2 38 2
668 11 135 7
676 2 11 2
189 2 30 2
10 2 12 2
685 2 27 2
692 6 72 5
378 2 17 2
694 2 21 2
695 2 20 2
696 2 21 2
95 2 20 2
697 2 18 2
698 4 37 4
699 2 16 2
700 2 21 2
18 2 13 2
250 3 61 3
701 2 12 2
702 2 15 2
182 2 13 2
704 2 10 2
705 3 26 3
706 2 14 2
382 2 26 2
383 2 19 2
708 2 19 2
384 2 26 2
385 2 24 2
386 3 24 3
711 3 130 3
94 4 36 4
714 2 16 2
716 2 22 2
717 2 37 2
99 2 103 2
388 2 21 2
251 5 62 5
252 2 15 2
253 2 17 2
154 2 20 2
155 2 22 2
156 2 13 2
157 2 19 2
100 2 16 2
389 2 38 2
130 3 52 3
723 3 19 3
254 2 23 2
255 2 20 2
256 2 15 2
724 2 27 2
725 3 19 3
726 2 14 2
391 4 70 4
142 3 141 3
390 2 38 2
727 2 21 2
392 2 34 2
728 3 19 3
729 3 22 3
730 2 19 2
731 2 16 2
26 3 31 3
393 2 13 2
394 2 42 2
395 2 22 2
732 2 36 2
43 6 92 5
45 2 18 2
19 2 35 2
51 2 14 2
44 2 10 2
733 3 34 3
734 2 36 2
735 2 16 2
736 2 26 2
737 2 43 2
738 2 38 2
158 3 50 3
739 3 27 3
740 2 14 2
741 2 19 2
742 2 24 2
257 3 32 3
743 2 10 2
744 2 20 2
745 2 30 2
192 2 17 2
746 2 25 2
747 2 12 2
748 2 23 2
396 2 19 2
749 2 25 2
855 5 77 5
52 2 15 2
857 2 35 2
431 2 20 2
268 3 52 3
269 4 177 4
866 2 35 2
868 2 17 2
871 2 13 2
872 3 19 3
873 3 42 3
876 2 15 2
877 2 22 2
159 2 12 2
160 6 66 5
83 2 20 2
882 2 27 2
884 2 12 2
327 3 26 3
888 2 27 2
891 2 20 2
892 2 15 2
894 2 22 2
896 2 16 2
897 2 19 2
439 2 22 2
440 2 12 2
441 2 24 2
901 2 14 2
902 2 17 2
903 2 22 2
904 2 14 2
446 2 27 2
125 2 16 2
907 2 16 2
908 2 12 2
270 3 35 3
271 2 25 2
143 2 16 2
272 4 152 4
447 2 11 2
448 3 71 3
912 2 15 2
313 2 23 2
913 2 16 2
915 3 22 3
449 2 11 2
450 2 15 2
451 2 16 2
452 2 18 2
122 3 29 3
309 2 15 2
923 2 22 2
112 2 20 2
113 3 34 3
114 2 11 2
115 2 27 2
116 2 12 2
926 2 12 2
927 2 10 2
930 2 17 2
935 2 11 2
934 2 14 2
456 2 51 2
457 2 15 2
937 2 11 2
305 2 12 2
939 2 16 2
942 2 13 2
77 2 20 2
947 2 13 2
462 2 30 2
463 2 10 2
952 2 46 2
954 3 18 3
955 2 15 2
21 2 12 2
957 3 25 3
958 2 13 2
167 2 17 2
168 2 26 2
967 3 21 3
474 2 19 2
292 2 15 2
970 2 16 2
478 2 12 2
479 2 35 2
480 2 12 2
481 3 25 3
25 2 12 2
169 2 19 2
170 2 33 2
53 3 16 3
983 2 34 2
982 2 11 2
984 5 34 5
483 2 10 2
986 2 23 2
993 2 31 2
334 2 16 2
995 2 41 2
996 2 23 2
997 2 29 2
998 2 21 2
179 3 41 3
1000 3 30 3
129 2 13 2
601 2 12 2
603 2 15 2
604 3 17 3
353 2 17 2
354 3 16 3
605 2 50 2
607 2 19 2
608 2 12 2
235 2 20 2
232 2 15 2
233 3 41 3
234 2 20 2
355 2 13 2
356 8 350 7
357 2 28 2
610 3 236 3
611 2 14 2
126 2 16 2
358 2 10 2
613 2 18 2
615 2 32 2
617 2 61 2
619 3 21 3
620 2 15 2
621 2 13 2
622 2 31 2
362 2 23 2
363 4 111 4
625 2 48 2
631 2 18 2
632 2 24 2
638 2 24 2
312 2 13 2
639 2 10 2
643 2 18 2
642 2 10 2
649 2 21 2
651 2 13 2
654 2 26 2
655 3 27 3
656 2 11 2
657 2 21 2
364 2 12 2
365 3 40 3
660 2 70 2
366 2 26 2
367 2 12 2
181 2 14 2
666 2 15 2
372 2 13 2
373 2 17 2
672 2 15 2
679 2 40 2
376 2 41 2
377 2 16 2
318 2 12 2
684 2 65 2
686 2 10 2
149 2 17 2
150 2 11 2
151 2 20 2
152 2 33 2
153 3 18 3
687 2 41 2
689 2 13 2
688 2 28 2
690 2 19 2
691 2 23 2
693 2 11 2
190 2 11 2
379 2 43 2
380 2 12 2
121 2 13 2
703 2 10 2
381 2 12 2
707 2 22 2
709 2 11 2
710 2 30 2
72 2 16 2
73 2 17 2
74 2 11 2
387 2 10 2
186 3 41 3
712 2 71 2
713 2 10 2
715 3 61 3
718 2 11 2
719 2 15 2
720 2 19 2
721 2 23 2
722 3 33 3
261 3 37 3
262 2 11 2
263 2 18 2
793 2 10 2
797 2 11 2
799 2 14 2
798 2 20 2
800 2 51 2
801 2 20 2
806 2 17 2
809 2 43 2
413 2 12 2
414 2 22 2
415 2 20 2
816 2 12 2
420 2 17 2
421 2 28 2
419 2 21 2
820 3 36 3
824 3 34 3
825 2 31 2
826 2 18 2
828 2 15 2
831 3 55 3
832 4 187 4
833 3 40 3
184 2 12 2
837 2 10 2
838 2 14 2
131 2 12 2
842 3 51 3
844 2 48 2
310 2 28 2
132 2 14 2
197 2 38 2
849 3 35 3
850 2 17 2
78 2 26 2
854 4 47 4
63 2 14 2
856 2 26 2
326 2 14 2
863 2 27 2
867 3 33 3
869 3 54 3
870 2 16 2
879 2 23 2
885 2 11 2
886 2 11 2
64 4 69 4
893 2 66 2
895 4 130 4
438 3 51 3
899 2 20 2
898 2 14 2
900 2 14 2
442 2 12 2
443 2 35 2
444 2 58 2
445 2 102 2
905 2 22 2
906 2 131 2
909 2 43 2
910 2 18 2
911 2 22 2
180 2 13 2
914 3 21 3
307 2 32 2
916 2 10 2
917 2 18 2
194 2 14 2
918 2 15 2
919 2 13 2
921 2 19 2
920 2 14 2
922 2 13 2
175 2 45 2
924 2 15 2
925 2 21 2
453 2 35 2
454 2 51 2
455 2 14 2
928 2 11 2
932 2 31 2
931 2 14 2
329 2 16 2
936 2 24 2
458 2 15 2
276 4 36 4
277 4 57 4
278 2 74 2
461 4 79 4
198 2 33 2
944 2 19 2
943 2 21 2
945 3 38 3
946 4 59 4
948 2 23 2
949 2 20 2
950 2 21 2
464 2 32 2
465 2 15 2
466 2 59 2
331 2 17 2
47 2 22 2
345 2 47 2
306 2 23 2
557 2 19 2
215 2 19 2
216 2 10 2
217 2 16 2
559 2 13 2
560 2 31 2
563 4 177 4
346 2 53 2
349 2 22 2
347 2 12 2
348 7 190 7
568 2 10 2
570 2 14 2
571 2 26 2
222 2 11 2
223 2 30 2
224 3 45 3
225 2 12 2
227 2 28 2
228 3 45 3
226 2 10 2
350 2 15 2
574 2 38 2
576 2 22 2
577 2 15 2
578 2 17 2
579 2 11 2
580 2 19 2
581 2 16 2
582 2 19 2
583 2 18 2
584 2 10 2
585 2 13 2
586 3 138 3
587 3 78 3
589 2 20 2
588 2 10 2
590 2 23 2
351 3 34 3
352 3 44 3
591 2 29 2
592 2 13 2
593 3 31 3
594 2 16 2
595 2 36 2
596 2 31 2
598 2 16 2
597 2 17 2
599 2 12 2
600 2 15 2
602 4 64 4
27 2 32 2
606 2 39 2
140 2 20 2
609 2 10 2
236 2 20 2
238 2 10 2
237 2 14 2
612 2 58 2
239 2 22 2
240 2 13 2
241 2 15 2
242 2 16 2
614 2 16 2
616 2 20 2
618 2 14 2
361 2 31 2
359 3 25 3
360 2 46 2
243 2 27 2
244 2 13 2
245 2 18 2
246 2 10 2
623 2 15 2
624 2 15 2
626 2 14 2
627 2 19 2
628 2 18 2
629 2 35 2
630 3 24 3
633 2 26 2
634 2 46 2
635 2 16 2
311 2 32 2
636 3 32 3
637 2 53 2
641 2 11 2
640 2 17 2
644 2 18 2
645 3 19 3
646 2 25 2
647 2 10 2
648 3 42 3
650 2 11 2
247 2 16 2
248 2 26 2
249 2 14 2
652 2 11 2
653 2 11 2
86 2 27 2
87 2 27 2
88 2 16 2
89 2 91 2
90 4 30 4
91 2 24 2
659 2 14 2
661 2 12 2
664 2 20 2
663 2 21 2
665 3 64 3
369 2 29 2
370 2 16 2
371 3 64 3
669 2 16 2
316 2 41 2
670 2 30 2
671 2 16 2
374 3 33 3
375 2 10 2
673 2 12 2
674 2 11 2
675 2 18 2
677 2 25 2
678 3 35 3
680 3 29 3
681 2 21 2
317 2 23 2
682 2 13 2
683 4 39 4
750 2 17 2
751 2 10 2
752 2 13 2
753 2 18 2
754 2 37 2
193 2 12 2
397 2 14 2
398 2 11 2
399 2 24 2
400 2 16 2
401 3 58 3
303 2 14 2
755 2 12 2
402 2 17 2
403 2 13 2
404 2 16 2
405 3 91 3
756 5 112 5
757 2 33 2
758 2 58 2
406 2 23 2
407 2 21 2
183 2 40 2
759 2 13 2
760 2 24 2
761 2 35 2
320 2 14 2
763 2 17 2
762 2 24 2
764 2 15 2
765 2 21 2
766 3 40 3
258 2 102 2
259 2 15 2
260 2 20 2
767 2 14 2
768 4 92 4
769 2 22 2
770 2 20 2
771 2 53 2
772 2 33 2
773 2 32 2
774 2 12 2
775 4 26 4
776 2 37 2
777 2 14 2
778 2 10 2
779 2 17 2
780 2 14 2
321 2 12 2
781 2 14 2
782 2 56 2
783 2 17 2
784 4 28 4
785 2 21 2
786 2 52 2
787 2 85 2
788 2 25 2
408 2 43 2
409 4 88 4
410 2 55 2
789 2 528 2
301 2 98 2
790 2 12 2
791 2 38 2
124 2 12 2
322 2 176 2
792 2 36 2
323 2 14 2
794 2 82 2
795 2 10 2
796 2 44 2
802 2 30 2
803 2 20 2
804 2 18 2
805 2 14 2
411 2 10 2
412 2 16 2
807 2 10 2
808 2 58 2
810 2 18 2
811 2 16 2
812 2 14 2
813 2 10 2
814 2 10 2
815 2 24 2
416 2 14 2
417 2 10 2
418 2 30 2
817 2 30 2
818 2 16 2
819 2 14 2
821 2 162 2
822 2 92 2
823 2 62 2
422 2 16 2
827 2 16 2
829 2 12 2
830 2 210 2
423 2 154 2
424 2 114 2
834 2 36 2
835 2 18 2
836 2 18 2
839 2 14 2
840 2 12 2
841 2 46 2
843 2 16 2
185 2 214 2
845 2 88 2
846 2 44 2
324 2 44 2
264 2 30 2
265 2 30 2
266 2 14 2
267 2 28 2
847 2 22 2
848 2 20 2
851 2 12 2
325 2 52 2
425 2 44 2
426 2 24 2
427 2 22 2
852 2 28 2
853 2 24 2
429 2 20 2
430 2 44 2
428 2 34 2
858 2 22 2
859 2 10 2
860 2 28 2
304 2 10 2
861 2 24 2
862 2 10 2
864 2 30 2
865 2 24 2
433 2 68 2
434 2 38 2
432 2 16 2
874 2 10 2
875 2 12 2
878 2 10 2
880 2 14 2
881 2 10 2
883 2 14 2
435 2 14 2
436 2 10 2
437 2 20 2
887 2 14 2
889 2 48 2
890 2 28 2
516 2 36 2
517 2 20 2
518 2 74 2
519 2 24 2
520 2 14 2
176 2 10 2
521 2 16 2
522 2 10 2
523 2 14 2
524 2 12 2
525 2 18 2
526 2 14 2
527 2 96 2
528 2 50 2
342 2 24 2
529 2 14 2
530 2 22 2
531 2 16 2
532 2 472 2
533 2 30 2
146 2 16 2
147 2 10 2
148 2 10 2
534 2 22 2
535 2 10 2
536 2 16 2
537 2 14 2
538 2 26 2
539 2 22 2
540 2 30 2
541 2 12 2
542 2 18 2
302 2 12 2
543 2 16 2
544 2 10 2
545 2 10 2
546 2 30 2
343 2 24 2
344 2 10 2
547 2 14 2
548 2 12 2
549 2 10 2
550 2 16 2
138 2 14 2
208 2 34 2
209 2 24 2
210 2 10 2
552 2 10 2
551 2 20 2
553 2 18 2
554 2 16 2
556 2 16 2
555 2 10 2
213 2 32 2
212 2 10 2
211 2 12 2
214 2 12 2
558 2 22 2
561 2 20 2
562 2 12 2
564 2 76 2
565 2 32 2
177 2 10 2
566 2 16 2
178 2 14 2
567 2 26 2
569 2 20 2
221 2 36 2
220 2 10 2
219 2 26 2
218 2 20 2
573 2 14 2
572 2 10 2
139 2 10 2
575 2 18 2
230 2 10 2
229 2 48 2
231 2 16 2
