0 3 319 3
1 2 25 2
2 3 113 3
3 2 46 2
4 6 68 5
5 2 13 2
6 3 46 3
7 3 17 3
8 3 24 3
9 4 45 4
10 4 166 4
11 2 14 2
12 8 288 7
13 2 31 2
14 7 232 7
15 4 41 4
16 4 71 4
17 3 36 3
18 4 55 4
19 2 19 2
20 2 17 2
21 2 27 2
22 4 66 4
23 2 11 2
24 2 12 2
25 3 19 3
26 2 17 2
27 2 38 2
28 2 28 2
29 4 61 4
30 2 13 2
31 2 13 2
32 2 16 2
33 4 92 4
34 2 19 2
35 3 259 3
36 2 10 2
37 2 16 2
38 2 15 2
39 2 24 2
40 2 21 2
41 2 15 2
42 3 18 3
43 3 32 3
44 3 18 3
45 2 15 2
46 4 39 4
47 3 27 3
48 2 13 2
49 2 21 2
50 2 12 2
51 3 27 3
52 3 59 3
53 2 15 2
54 2 23 2
55 2 23 2
56 5 40 5
57 2 14 2
58 3 39 3
59 3 27 3
60 2 11 2
61 3 23 3
62 2 12 2
63 16 297 8
64 4 36 4
65 2 14 2
66 2 24 2
67 2 24 2
68 2 12 2
69 2 14 2
70 2 37 2
71 4 49 4
72 2 17 2
73 5 44 5
74 2 14 2
75 3 24 3
76 3 64 3
77 2 20 2
78 2 16 2
79 2 16 2
80 2 17 2
81 4 128 4
82 4 52 4
83 2 34 2
84 3 73 3
85 3 38 3
86 2 13 2
87 3 71 3
88 4 48 4
89 2 34 2
90 3 60 3
91 2 21 2
92 3 25 3
93 2 11 2
94 2 44 2
95 2 37 2
96 3 28 3
97 2 29 2
98 2 16 2
99 2 20 2
100 4 182 4
101 2 14 2
102 4 58 4
103 2 18 2
104 2 24 2
105 2 50 2
106 3 143 3
107 2 42 2
108 3 150 3
109 2 12 2
110 5 68 5
111 3 39 3
112 3 26 3
113 2 15 2
114 5 62 5
115 2 23 2
116 3 32 3
117 3 29 3
118 3 54 3
119 2 13 2
120 6 59 5
121 2 11 2
122 2 21 2
123 2 14 2
124 3 41 3
125 2 24 2
126 3 37 3
127 3 25 3
128 2 21 2
129 2 12 2
130 2 53 2
131 2 14 2
132 2 30 2
133 2 21 2
134 3 28 3
135 2 12 2
136 2 12 2
137 2 14 2
138 2 45 2
139 2 27 2
140 2 16 2
141 3 20 3
142 2 10 2
143 3 44 3
144 2 15 2
145 2 32 2
146 2 22 2
147 2 10 2
148 3 23 3
149 2 25 2
150 3 15 3
151 2 12 2
152 2 19 2
153 2 18 2
154 2 26 2
155 3 35 3
156 2 13 2
157 2 16 2
158 5 303 5
159 3 78 3
160 2 13 2
161 2 17 2
162 2 13 2
163 3 43 3
164 2 69 2
165 2 14 2
166 3 18 3
167 2 10 2
168 3 21 3
169 3 38 3
170 2 14 2
171 3 19 3
172 4 36 4
173 3 54 3
174 2 11 2
175 3 23 3
176 2 20 2
177 2 10 2
178 2 55 2
179 4 57 4
180 2 26 2
181 2 22 2
182 2 12 2
183 2 14 2
184 2 18 2
185 2 55 2
186 2 21 2
187 4 49 4
188 2 12 2
189 3 38 3
190 3 19 3
191 2 24 2
192 3 26 3
193 2 13 2
194 3 26 3
195 2 51 2
196 2 13 2
197 3 31 3
198 3 89 3
199 2 30 2
200 2 46 2
201 2 12 2
202 2 26 2
203 2 11 2
204 2 50 2
205 3 24 3
206 2 13 2
207 2 26 2
208 2 15 2
209 2 13 2
210 2 28 2
211 2 21 2
212 2 14 2
213 2 11 2
214 2 11 2
215 2 11 2
216 2 25 2
217 2 35 2
218 2 14 2
219 2 15 2
220 2 16 2
221 2 24 2
222 2 35 2
223 2 15 2
224 2 43 2
225 3 21 3
226 2 12 2
227 3 38 3
228 2 13 2
229 2 16 2
230 2 10 2
231 2 10 2
232 3 22 3
233 2 15 2
234 2 15 2
235 2 11 2
236 2 73 2
237 4 68 4
238 2 15 2
239 2 18 2
240 2 11 2
241 2 11 2
242 2 18 2
243 2 18 2
244 3 32 3
245 2 12 2
246 3 23 3
247 2 16 2
248 2 10 2
249 2 12 2
250 2 17 2
251 2 20 2
252 3 42 3
253 3 49 3
254 4 37 4
255 5 67 5
256 2 19 2
257 3 37 3
258 2 45 2
259 2 18 2
260 3 15 3
261 2 16 2
262 4 52 4
263 2 12 2
264 2 24 2
265 2 13 2
266 3 18 3
267 2 22 2
268 3 30 3
269 2 12 2
270 2 66 2
271 2 11 2
272 3 61 3
273 2 15 2
274 2 38 2
275 11 135 7
276 2 11 2
277 2 30 2
278 2 12 2
279 2 27 2
280 6 72 5
281 2 17 2
282 2 21 2
283 2 20 2
284 2 21 2
285 2 20 2
286 2 18 2
287 4 37 4
288 2 16 2
289 2 21 2
290 2 13 2
291 3 61 3
292 2 12 2
293 2 15 2
294 2 13 2
295 2 10 2
296 3 26 3
297 2 14 2
298 2 26 2
299 2 19 2
300 2 19 2
301 2 26 2
302 2 24 2
303 3 24 3
304 3 130 3
305 4 36 4
306 2 16 2
307 2 22 2
308 2 37 2
309 2 103 2
310 2 21 2
311 5 62 5
312 2 15 2
313 2 17 2
314 2 20 2
315 2 22 2
316 2 13 2
317 2 19 2
318 2 16 2
319 2 38 2
320 3 52 3
321 3 19 3
322 2 23 2
323 2 20 2
324 2 15 2
325 2 27 2
326 3 19 3
327 2 14 2
328 4 70 4
329 3 141 3
330 2 38 2
331 2 21 2
332 2 34 2
333 3 19 3
334 3 22 3
335 2 19 2
336 2 16 2
337 3 31 3
338 2 13 2
339 2 42 2
340 2 22 2
341 2 36 2
342 6 92 5
343 2 18 2
344 2 35 2
345 2 14 2
346 2 10 2
347 3 34 3
348 2 36 2
349 2 16 2
350 2 26 2
351 2 43 2
352 2 38 2
353 3 50 3
354 3 27 3
355 2 14 2
356 2 19 2
357 2 24 2
358 3 32 3
359 2 10 2
360 2 20 2
361 2 30 2
362 2 17 2
363 2 25 2
364 2 12 2
365 2 23 2
366 2 19 2
367 2 25 2
368 5 77 5
369 2 15 2
370 2 35 2
371 2 20 2
372 3 52 3
373 4 177 4
374 2 35 2
375 2 17 2
376 2 13 2
377 3 19 3
378 3 42 3
379 2 15 2
380 2 22 2
381 2 12 2
382 6 66 5
383 2 20 2
384 2 27 2
385 2 12 2
386 3 26 3
387 2 27 2
388 2 20 2
389 2 15 2
390 2 22 2
391 2 16 2
392 2 19 2
393 2 22 2
394 2 12 2
395 2 24 2
396 2 14 2
397 2 17 2
398 2 22 2
399 2 14 2
400 2 27 2
401 2 16 2
402 2 16 2
403 2 12 2
404 3 35 3
405 2 25 2
406 2 16 2
407 4 152 4
408 2 11 2
409 3 71 3
410 2 15 2
411 2 23 2
412 2 16 2
413 3 22 3
414 2 11 2
415 2 15 2
416 2 16 2
417 2 18 2
418 3 29 3
419 2 15 2
420 2 22 2
421 2 20 2
422 3 34 3
423 2 11 2
424 2 27 2
425 2 12 2
426 2 12 2
427 2 10 2
428 2 17 2
429 2 11 2
430 2 14 2
431 2 51 2
432 2 15 2
433 2 11 2
434 2 12 2
435 2 16 2
436 2 13 2
437 2 20 2
438 2 13 2
439 2 30 2
440 2 10 2
441 2 46 2
442 3 18 3
443 2 15 2
444 2 12 2
445 3 25 3
446 2 13 2
447 2 17 2
448 2 26 2
449 3 21 3
450 2 19 2
451 2 15 2
452 2 16 2
453 2 12 2
454 2 35 2
455 2 12 2
456 3 25 3
457 2 12 2
458 2 19 2
459 2 33 2
460 3 16 3
461 2 34 2
462 2 11 2
463 5 34 5
464 2 10 2
465 2 23 2
466 2 31 2
467 2 16 2
468 2 41 2
469 2 23 2
470 2 29 2
471 2 21 2
472 3 41 3
473 3 30 3
474 2 13 2
475 2 12 2
476 2 15 2
477 3 17 3
478 2 17 2
479 3 16 3
480 2 50 2
481 2 19 2
482 2 12 2
483 2 20 2
484 2 15 2
485 3 41 3
486 2 20 2
487 2 13 2
488 8 350 7
489 2 28 2
490 3 236 3
491 2 14 2
492 2 16 2
493 2 10 2
494 2 18 2
495 2 32 2
496 2 61 2
497 3 21 3
498 2 15 2
499 2 13 2
500 2 31 2
501 2 23 2
502 4 111 4
503 2 48 2
504 2 18 2
505 2 24 2
506 2 24 2
507 2 13 2
508 2 10 2
509 2 18 2
510 2 10 2
511 2 21 2
512 2 13 2
513 2 26 2
514 3 27 3
515 2 11 2
516 2 21 2
517 2 12 2
518 3 40 3
519 2 70 2
520 2 26 2
521 2 12 2
522 2 14 2
523 2 15 2
524 2 13 2
525 2 17 2
526 2 15 2
527 2 40 2
528 2 41 2
529 2 16 2
530 2 12 2
531 2 65 2
532 2 10 2
533 2 17 2
534 2 11 2
535 2 20 2
536 2 33 2
537 3 18 3
538 2 41 2
539 2 13 2
540 2 28 2
541 2 19 2
542 2 23 2
543 2 11 2
544 2 11 2
545 2 43 2
546 2 12 2
547 2 13 2
548 2 10 2
549 2 12 2
550 2 22 2
551 2 11 2
552 2 30 2
553 2 16 2
554 2 17 2
555 2 11 2
556 2 10 2
557 3 41 3
558 2 71 2
559 2 10 2
560 3 61 3
561 2 11 2
562 2 15 2
563 2 19 2
564 2 23 2
565 3 33 3
566 3 37 3
567 2 11 2
568 2 18 2
569 2 10 2
570 2 11 2
571 2 14 2
572 2 20 2
573 2 51 2
574 2 20 2
575 2 17 2
576 2 43 2
577 2 12 2
578 2 22 2
579 2 20 2
580 2 12 2
581 2 17 2
582 2 28 2
583 2 21 2
584 3 36 3
585 3 34 3
586 2 31 2
587 2 18 2
588 2 15 2
589 3 55 3
590 4 187 4
591 3 40 3
592 2 12 2
593 2 10 2
594 2 14 2
595 2 12 2
596 3 51 3
597 2 48 2
598 2 28 2
599 2 14 2
600 2 38 2
601 3 35 3
602 2 17 2
603 2 26 2
604 4 47 4
605 2 14 2
606 2 26 2
607 2 14 2
608 2 27 2
609 3 33 3
610 3 54 3
611 2 16 2
612 2 23 2
613 2 11 2
614 2 11 2
615 4 69 4
616 2 66 2
617 4 130 4
618 3 51 3
619 2 20 2
620 2 14 2
621 2 14 2
622 2 12 2
623 2 35 2
624 2 58 2
625 2 102 2
626 2 22 2
627 2 131 2
628 2 43 2
629 2 18 2
630 2 22 2
631 2 13 2
632 3 21 3
633 2 32 2
634 2 10 2
635 2 18 2
636 2 14 2
637 2 15 2
638 2 13 2
639 2 19 2
640 2 14 2
641 2 13 2
642 2 45 2
643 2 15 2
644 2 21 2
645 2 35 2
646 2 51 2
647 2 14 2
648 2 11 2
649 2 31 2
650 2 14 2
651 2 16 2
652 2 24 2
653 2 15 2
654 4 36 4
655 4 57 4
656 2 74 2
657 4 79 4
658 2 33 2
659 2 19 2
660 2 21 2
661 3 38 3
662 4 59 4
663 2 23 2
664 2 20 2
665 2 21 2
666 2 32 2
667 2 15 2
668 2 59 2
669 2 17 2
670 2 22 2
671 2 47 2
672 2 23 2
673 2 19 2
674 2 19 2
675 2 10 2
676 2 16 2
677 2 13 2
678 2 31 2
679 4 177 4
680 2 53 2
681 2 22 2
682 2 12 2
683 7 190 7
684 2 10 2
685 2 14 2
686 2 26 2
687 2 11 2
688 2 30 2
689 3 45 3
690 2 12 2
691 2 28 2
692 3 45 3
693 2 10 2
694 2 15 2
695 2 38 2
696 2 22 2
697 2 15 2
698 2 17 2
699 2 11 2
700 2 19 2
701 2 16 2
702 2 19 2
703 2 18 2
704 2 10 2
705 2 13 2
706 3 138 3
707 3 78 3
708 2 20 2
709 2 10 2
710 2 23 2
711 3 34 3
712 3 44 3
713 2 29 2
714 2 13 2
715 3 31 3
716 2 16 2
717 2 36 2
718 2 31 2
719 2 16 2
720 2 17 2
721 2 12 2
722 2 15 2
723 4 64 4
724 2 32 2
725 2 39 2
726 2 20 2
727 2 10 2
728 2 20 2
729 2 10 2
730 2 14 2
731 2 58 2
732 2 22 2
733 2 13 2
734 2 15 2
735 2 16 2
736 2 16 2
737 2 20 2
738 2 14 2
739 2 31 2
740 3 25 3
741 2 46 2
742 2 27 2
743 2 13 2
744 2 18 2
745 2 10 2
746 2 15 2
747 2 15 2
748 2 14 2
749 2 19 2
750 2 18 2
751 2 35 2
752 3 24 3
753 2 26 2
754 2 46 2
755 2 16 2
756 2 32 2
757 3 32 3
758 2 53 2
759 2 11 2
760 2 17 2
761 2 18 2
762 3 19 3
763 2 25 2
764 2 10 2
765 3 42 3
766 2 11 2
767 2 16 2
768 2 26 2
769 2 14 2
770 2 11 2
771 2 11 2
772 2 27 2
773 2 27 2
774 2 16 2
775 2 91 2
776 4 30 4
777 2 24 2
778 2 14 2
779 2 12 2
780 2 20 2
781 2 21 2
782 3 64 3
783 2 29 2
784 2 16 2
785 3 64 3
786 2 16 2
787 2 41 2
788 2 30 2
789 2 16 2
790 3 33 3
791 2 10 2
792 2 12 2
793 2 11 2
794 2 18 2
795 2 25 2
796 3 35 3
797 3 29 3
798 2 21 2
799 2 23 2
800 2 13 2
801 4 39 4
802 2 17 2
803 2 10 2
804 2 13 2
805 2 18 2
806 2 37 2
807 2 12 2
808 2 14 2
809 2 11 2
810 2 24 2
811 2 16 2
812 3 58 3
813 2 14 2
814 2 12 2
815 2 17 2
816 2 13 2
817 2 16 2
818 3 91 3
819 5 112 5
820 2 33 2
821 2 58 2
822 2 23 2
823 2 21 2
824 2 40 2
825 2 13 2
826 2 24 2
827 2 35 2
828 2 14 2
829 2 17 2
830 2 24 2
831 2 15 2
832 2 21 2
833 3 40 3
834 2 102 2
835 2 15 2
836 2 20 2
837 2 14 2
838 4 92 4
839 2 22 2
840 2 20 2
841 2 53 2
842 2 33 2
843 2 32 2
844 2 12 2
845 4 26 4
846 2 37 2
847 2 14 2
848 2 10 2
849 2 17 2
850 2 14 2
851 2 12 2
852 2 14 2
853 2 56 2
854 2 17 2
855 4 28 4
856 2 21 2
857 2 52 2
858 2 85 2
859 2 25 2
860 2 43 2
861 4 88 4
862 2 55 2
863 2 528 2
864 2 98 2
865 2 12 2
866 2 38 2
867 2 12 2
868 2 176 2
869 2 36 2
870 2 14 2
871 2 82 2
872 2 10 2
873 2 44 2
874 2 30 2
875 2 20 2
876 2 18 2
877 2 14 2
878 2 10 2
879 2 16 2
880 2 10 2
881 2 58 2
882 2 18 2
883 2 16 2
884 2 14 2
885 2 10 2
886 2 10 2
887 2 24 2
888 2 14 2
889 2 10 2
890 2 30 2
891 2 30 2
892 2 16 2
893 2 14 2
894 2 162 2
895 2 92 2
896 2 62 2
897 2 16 2
898 2 16 2
899 2 12 2
900 2 210 2
901 2 154 2
902 2 114 2
903 2 36 2
904 2 18 2
905 2 18 2
906 2 14 2
907 2 12 2
908 2 46 2
909 2 16 2
910 2 214 2
911 2 88 2
912 2 44 2
913 2 44 2
914 2 30 2
915 2 30 2
916 2 14 2
917 2 28 2
918 2 22 2
919 2 20 2
920 2 12 2
921 2 52 2
922 2 44 2
923 2 24 2
924 2 22 2
925 2 28 2
926 2 24 2
927 2 20 2
928 2 44 2
929 2 34 2
930 2 22 2
931 2 10 2
932 2 28 2
933 2 10 2
934 2 24 2
935 2 10 2
936 2 30 2
937 2 24 2
938 2 68 2
939 2 38 2
940 2 16 2
941 2 10 2
942 2 12 2
943 2 10 2
944 2 14 2
945 2 10 2
946 2 14 2
947 2 14 2
948 2 10 2
949 2 20 2
950 2 14 2
951 2 48 2
952 2 28 2
953 2 36 2
954 2 20 2
955 2 74 2
956 2 24 2
957 2 14 2
958 2 10 2
959 2 16 2
960 2 10 2
961 2 14 2
962 2 12 2
963 2 18 2
964 2 14 2
965 2 96 2
966 2 50 2
967 2 24 2
968 2 14 2
969 2 22 2
970 2 16 2
971 2 472 2
972 2 30 2
973 2 16 2
974 2 10 2
975 2 10 2
976 2 22 2
977 2 10 2
978 2 16 2
979 2 14 2
980 2 26 2
981 2 22 2
982 2 30 2
983 2 12 2
984 2 18 2
985 2 12 2
986 2 16 2
987 2 10 2
988 2 10 2
989 2 30 2
990 2 24 2
991 2 10 2
992 2 14 2
993 2 12 2
994 2 10 2
995 2 16 2
996 2 14 2
997 2 34 2
998 2 24 2
999 2 10 2
1000 2 10 2
1001 2 20 2
1002 2 18 2
1003 2 16 2
1004 2 16 2
1005 2 10 2
1006 2 32 2
1007 2 10 2
1008 2 12 2
1009 2 12 2
1010 2 22 2
1011 2 20 2
1012 2 12 2
1013 2 76 2
1014 2 32 2
1015 2 10 2
1016 2 16 2
1017 2 14 2
1018 2 26 2
1019 2 20 2
1020 2 36 2
1021 2 10 2
1022 2 26 2
1023 2 20 2
1024 2 14 2
1025 2 10 2
1026 2 10 2
1027 2 18 2
1028 2 10 2
1029 2 48 2
1030 2 16 2