2	0
337	1
41	2
137	3
512	4
338	5
55	6
60	7
513	8
682	800
514	9
683	801
750	802
751	803
752	804
753	805
754	806
193	807
397	808
398	809
552	1000
399	810
400	811
401	812
303	813
755	814
402	815
403	816
404	817
405	818
756	819
561	1011
558	1010
211	1008
212	1007
213	1006
555	1005
556	1004
554	1003
553	1002
757	820
551	1001
758	821
406	822
407	823
183	824
759	825
760	826
761	827
320	828
214	1009
763	829
219	1022
220	1021
221	1020
569	1019
567	1018
178	1017
566	1016
177	1015
565	1014
762	830
564	1013
764	831
562	1012
765	832
766	833
258	834
259	835
260	836
767	837
768	838
769	839
231	1030
229	1029
230	1028
575	1027
139	1026
770	840
572	1025
771	841
573	1024
772	842
197	600
218	1023
773	843
849	601
774	844
850	602
78	603
775	845
776	846
854	604
63	605
777	847
778	848
856	606
779	849
326	607
863	608
867	609
780	850
321	851
781	852
869	610
782	853
870	611
783	854
879	612
784	855
885	613
785	856
886	614
64	615
786	857
787	858
893	616
788	859
895	617
438	618
899	619
408	860
409	861
410	862
898	620
789	863
900	621
301	864
442	622
790	865
443	623
791	866
444	624
124	867
445	625
322	868
905	626
792	869
906	627
909	628
910	629
323	870
794	871
795	872
911	630
180	631
796	873
802	874
914	632
307	633
803	875
804	876
916	634
805	877
917	635
194	636
411	878
412	879
918	637
919	638
921	639
807	880
808	881
810	882
920	640
811	883
922	641
175	642
812	884
446	400
125	401
813	885
924	643
814	886
907	402
925	644
815	887
908	403
453	645
416	888
270	404
454	646
417	889
271	405
455	647
143	406
928	648
272	407
932	649
447	408
448	409
418	890
817	891
818	892
931	650
819	893
329	651
821	894
912	410
936	652
313	411
822	895
458	653
823	896
913	412
276	654
422	897
915	413
277	655
827	898
449	414
278	656
829	899
450	415
461	657
198	658
451	416
452	417
944	659
122	418
309	419
943	660
945	661
923	420
946	662
112	421
948	663
113	422
949	664
114	423
950	665
115	424
464	666
116	425
465	667
926	426
466	668
927	427
331	669
930	428
935	429
47	670
345	671
306	672
934	430
557	673
456	431
215	674
457	432
216	675
937	433
305	434
217	676
559	677
939	435
560	678
942	436
563	679
77	437
947	438
462	439
346	680
349	681
347	682
463	440
348	683
952	441
568	684
308	200
954	442
570	685
65	201
955	443
571	686
21	444
472	202
222	687
957	445
968	203
223	688
958	446
969	204
224	689
167	447
475	205
168	448
476	206
967	449
477	207
971	208
972	209
225	690
227	691
228	692
474	450
226	693
292	451
350	694
57	210
970	452
574	695
478	453
973	211
576	696
479	454
974	212
577	697
480	455
981	213
578	698
481	456
985	214
579	699
25	457
987	215
169	458
484	216
170	459
69	217
489	218
203	219
53	460
983	461
982	462
994	220
984	463
335	221
483	464
333	222
986	465
490	223
993	466
491	224
334	467
999	225
995	468
171	226
996	469
172	227
173	228
492	229
997	470
998	471
179	472
1002	230
1000	473
1003	231
129	474
496	232
601	475
497	233
603	476
498	234
604	477
205	235
353	478
1004	236
354	479
1005	237
499	238
500	239
605	480
607	481
608	482
12	240
235	483
1006	241
232	484
501	242
233	485
295	243
234	486
20	244
355	487
502	245
30	246
356	488
357	489
1011	247
1012	248
1017	249
610	490
611	491
126	492
1018	250
358	493
1019	251
613	494
106	252
615	495
296	253
617	496
1020	254
619	497
98	255
620	498
505	256
621	499
508	257
509	258
1024	259
510	260
195	261
1025	262
97	263
28	264
50	265
1026	266
1027	267
658	268
314	269
662	270
368	271
187	272
667	273
141	274
668	275
676	276
189	277
10	278
685	279
692	280
378	281
694	282
695	283
696	284
95	285
697	286
698	287
699	288
700	289
18	290
250	291
701	292
702	293
182	294
704	295
705	296
706	297
382	298
383	299
830	900
423	901
424	902
834	903
835	904
836	905
839	906
840	907
841	908
843	909
185	910
845	911
846	912
324	913
264	914
265	915
266	916
267	917
847	918
848	919
851	920
325	921
425	922
426	923
427	924
852	925
853	926
429	927
430	928
428	929
858	930
859	931
860	932
304	933
861	934
862	935
864	936
865	937
433	938
434	939
432	940
874	941
580	700
875	942
581	701
878	943
582	702
880	944
583	703
881	945
584	704
883	946
585	705
435	947
586	706
436	948
587	707
437	949
589	708
588	709
887	950
889	951
590	710
890	952
516	953
351	711
517	954
352	712
518	955
591	713
519	956
592	714
520	957
593	715
176	958
594	716
521	959
595	717
596	718
598	719
522	960
523	961
524	962
597	720
525	963
599	721
526	964
600	722
527	965
602	723
528	966
27	724
342	967
606	725
529	968
140	726
530	969
609	727
236	728
238	729
531	970
532	971
533	972
237	730
146	973
612	731
147	974
239	732
148	975
240	733
534	976
241	734
535	977
242	735
536	978
614	736
537	979
616	737
618	738
361	739
538	980
539	981
540	982
359	740
541	983
360	741
542	984
243	742
622	500
302	985
244	743
362	501
543	986
245	744
363	502
544	987
246	745
625	503
545	988
623	746
631	504
546	989
624	747
632	505
626	748
638	506
627	749
312	507
639	508
643	509
343	990
344	991
547	992
628	750
548	993
629	751
549	994
630	752
642	510
550	995
633	753
649	511
138	996
634	754
651	512
208	997
635	755
654	513
209	998
311	756
655	514
210	999
636	757
656	515
637	758
657	516
641	759
364	517
365	518
660	519
640	760
644	761
645	762
366	520
646	763
367	521
647	764
181	522
648	765
666	523
650	766
372	524
247	767
373	525
248	768
672	526
249	769
679	527
376	528
377	529
652	770
653	771
86	772
318	530
87	773
684	531
88	774
686	532
89	775
149	533
90	776
150	534
91	777
151	535
659	778
152	536
661	779
153	537
687	538
689	539
664	780
663	781
665	782
688	540
369	783
690	541
370	784
691	542
708	300
371	785
693	543
384	301
669	786
190	544
385	302
316	787
379	545
386	303
670	788
380	546
711	304
121	547
671	789
94	305
703	548
714	306
381	549
716	307
717	308
99	309
374	790
375	791
673	792
707	550
674	793
709	551
675	794
710	552
388	310
677	795
72	553
251	311
678	796
73	554
252	312
680	797
74	555
253	313
681	798
387	556
154	314
186	557
317	799
155	315
712	558
156	316
713	559
157	317
100	318
389	319
715	560
718	561
719	562
130	320
720	563
723	321
721	564
254	322
722	565
255	323
256	324
261	566
724	325
262	567
725	326
263	568
726	327
793	569
391	328
142	329
797	570
799	571
390	330
798	572
727	331
800	573
392	332
801	574
728	333
806	575
729	334
809	576
730	335
413	577
731	336
414	578
26	337
415	579
393	338
394	339
816	580
420	581
395	340
421	582
732	341
419	583
43	342
820	584
294	100
45	343
824	585
42	101
19	344
825	586
488	102
51	345
826	587
991	103
44	346
828	588
992	104
733	347
831	589
336	105
734	348
199	106
735	349
48	107
79	108
105	109
832	590
833	591
736	350
184	592
737	351
837	593
738	352
838	594
84	110
68	111
158	353
131	595
80	112
739	354
842	596
740	355
844	597
1001	113
310	598
741	356
493	114
742	357
132	599
204	115
257	358
494	116
743	359
196	117
495	118
9	119
111	10
59	11
107	12
108	13
109	14
110	15
515	16
6	17
339	18
340	19
744	360
745	361
192	362
206	120
29	121
746	363
747	364
23	122
748	365
36	123
396	366
37	124
14	125
749	367
855	368
38	126
52	369
39	127
40	128
13	129
15	20
341	21
31	22
8	23
58	24
67	25
5	26
4	27
279	28
134	29
857	370
431	371
268	372
33	130
269	373
34	131
866	374
35	132
11	133
868	375
871	376
1007	134
872	377
1008	135
873	378
1009	136
876	379
1010	137
1013	138
315	139
76	30
22	31
49	32
75	33
1	34
54	35
70	36
92	37
93	38
280	39
877	380
159	381
160	382
1014	140
83	383
174	141
882	384
1015	142
884	385
207	143
327	386
136	144
888	387
503	145
891	388
504	146
128	147
892	389
1016	148
1021	149
281	40
282	41
283	42
285	43
144	44
284	45
469	46
102	47
470	48
286	49
894	390
896	391
897	392
297	150
439	393
298	151
440	394
299	152
441	395
300	153
901	396
1022	154
902	397
506	155
101	156
903	398
127	157
904	399
507	158
96	159
3	50
7	51
287	52
953	53
46	54
959	55
960	56
135	57
288	58
145	59
1023	160
511	161
1028	162
1029	163
1030	164
1031	165
330	166
273	167
274	168
275	169
56	60
328	61
961	62
962	63
66	64
473	65
963	66
964	67
62	68
965	69
929	170
933	171
459	172
938	173
460	174
941	175
940	176
61	177
161	178
162	179
966	70
103	71
289	72
290	73
291	74
123	75
975	76
81	77
332	78
976	79
188	180
319	181
133	182
951	183
164	184
165	185
166	186
163	187
32	188
467	189
17	80
104	81
977	82
482	83
200	84
16	85
978	86
979	87
980	88
24	89
468	190
117	191
85	192
82	193
118	194
119	195
120	196
956	197
191	198
471	199
201	90
988	91
989	92
202	93
485	94
486	95
487	96
990	97
71	98
293	99
