teamID expertID expertID ...
0 9397 9398 9399 9400 9401 9402 9403 9404 9405
1 9398 9399
2 9398 9400
3 9398 9400 9455
4 9398 9404
5 9398 9418
6 9398 9425
7 9398 9425 9425 10209
8 9398 9435
9 9398 9440
10 9398 9441 9739
11 9398 9461
12 9398 9467
13 9398 9476
14 9398 9476 9425 9773 9774
15 9398 9476 9584
16 9398 9476 9623
17 9398 9476 10356
18 9398 9477 9679 9552 9668
19 9398 9478
20 9398 9490 9655 9400 9453 9499 9656 9657 9467 9653 9658
21 9398 9494
22 9398 9509
23 9398 9509 9425 9510 9494
24 9398 9552 9661
25 9398 9570
26 9398 9589 9425
27 9398 9604
28 9398 9635
29 9398 9640 9461 9478
30 9398 9648
31 9398 9663
32 9398 9672
33 9398 9683 9806
34 9398 9694
35 9398 9699
36 9398 9702
37 9398 9713
38 9398 9717
39 9398 9724 9552 9725 9425
40 9398 9739
41 9398 9776
42 9398 9776 9604
43 9398 9778
44 9398 9803
45 9398 9848
46 9398 9856
47 9398 9860
48 9398 9865
49 9398 9865 9962
50 9398 9869 9870 9871
51 9398 9879
52 9398 9880
53 9398 9883
54 9398 9888
55 9398 9916 9917
56 9398 9959
57 9398 10007
58 9398 10016
59 9398 10025
60 9398 10037 10038
61 9398 10055
62 9398 10056 10057
63 9398 10125
64 9398 10152
65 9398 10186 9425
66 9398 10256
67 9398 10263 10264
68 9398 10294 10295
69 9398 10304
70 9398 10308
71 9398 10357
72 9398 10381
73 9398 10395
74 9398 10425
75 9398 10461
76 9398 10473
77 9398 10488
78 9398 10583
79 9398 10625
80 9398 10633
81 9398 10648
82 9398 10659
83 9398 10689 10690
84 9398 10727 9425 10728
85 9398 10736
86 9398 10746
87 9398 10768
88 9398 10803
89 9398 10891
90 9398 11088
91 9399 9707
92 9399 9822
93 9400 9398
94 9400 9398 9499
95 9400 9414 9552 9683
96 9400 9449
97 9400 9453
98 9400 9455
99 9400 9461
100 9400 9463 9517
101 9400 9467
102 9400 9524
103 9400 9606 9430
104 9400 9861
105 9403 9449
106 9404 10569 9435
107 9406 9407 9408 9409 9410
108 9408 9417 9424
109 9408 9446
110 9408 9485 9463
111 9411 9412 9402 9413 9406 9414 9415
112 9411 9424 9397 9469
113 9411 9613
114 9412 9418
115 9412 9476 9398 9457 9477 9397 9441
116 9413 9552 9417 9490 9645
117 9413 9563 9513 9463
118 9413 9582 9583
119 9413 9600 9601 9602 9457
120 9413 9700 9701
121 9413 9744
122 9413 9846
123 9413 10281
124 9413 10472
125 9414 9453
126 9415 9400
127 9415 9467 9499 9648 9649 9650 9651 9490 9652 9653
128 9416 9417 9418 9419 9420
129 9416 10676
130 9417 9413
131 9417 9443 9444 9445 9446
132 9417 9519
133 9418 9430 9424 9487
134 9418 9441
135 9418 9442 9467 9463
136 9418 9461
137 9418 9463
138 9418 9467
139 9418 9467 9414
140 9418 9467 9478
141 9418 9467 9571
142 9418 9467 9798 9799
143 9418 9470
144 9418 9484 9467
145 9418 9521 9522 9523
146 9418 9533 10366
147 9418 9541 9541 9542
148 9418 9592
149 9418 9603
150 9418 9617
151 9418 9713
152 9418 9713 9748
153 9418 9744
154 9418 9746
155 9418 9796
156 9418 9821
157 9418 9847
158 9418 10088
159 9421 9422 9423
160 9424 9398 9397 9425 9412 9426
161 9424 9400
162 9424 9413
163 9424 9430 9520
164 9424 9442
165 9424 9467 9494
166 9424 9470 9471 9472
167 9424 9478 10427
168 9424 9494
169 9424 9509
170 9424 9516
171 9424 9521 9467
172 9424 9548
173 9424 9617
174 9424 9668 9398
175 9424 10044
176 9424 10143
177 9424 10293 9445 9470
178 9424 10325
179 9424 10325 9533
180 9424 10370 10024 9676
181 9424 11095
182 9424 11096
183 9425 9398
184 9425 10034 11088
185 9425 10869
186 9425 11097
187 9427 9428
188 9429 9430 9431 9432 9433 9427 9434 9435
189 9430 9408 9486
190 9430 9484
191 9430 9496 9497
192 9430 9502 9527
193 9435 9424
194 9435 9646 10783 9827
195 9435 9651
196 9435 9651 10721 10722
197 9435 9808 10431
198 9435 10633
199 9435 10633 10646
200 9435 10916
201 9436 9412 9437
202 9437 9538
203 9438 9439 9440
204 9439 9463 9457 9464 9465
205 9441 9398
206 9441 9424
207 9441 9455
208 9441 9481
209 9442 9417 9424 9430
210 9442 9424 11000 11001
211 9442 9533
212 9442 10165
213 9443 9418
214 9443 9445 9418
215 9443 9488 9418 9727 9728
216 9443 9516
217 9445 9398
218 9445 9462
219 9445 9467
220 9445 9478
221 9445 9478 9443
222 9445 9478 9802 9489
223 9445 9531 9921 9638
224 9445 9533
225 9445 9539
226 9445 9564
227 9445 9564 9744 9769
228 9445 9570 9769
229 9445 9617
230 9445 9659
231 9445 9713
232 9445 9713 9467
233 9445 9735
234 9445 9769
235 9445 9797
236 9445 9802
237 9445 9817
238 9445 9825 9826 9827
239 9445 9883
240 9445 9898
241 9445 9967
242 9445 9967 9713
243 9445 9990
244 9445 9994
245 9445 10040
246 9445 10088
247 9445 10114
248 9445 10165
249 9445 10218
250 9445 10254
251 9445 10332
252 9445 10347
253 9445 10416
254 9445 10439
255 9445 10440
256 9445 10447
257 9445 10489
258 9445 10561
259 9445 10566
260 9445 10575 10122
261 9445 10642
262 9445 10645
263 9445 10834 9659
264 9445 10860
265 9446 9414 9433 9447 9448
266 9446 9430 9500 9501
267 9446 9453
268 9449 9549 9414
269 9450 9451
270 9451 9400 9412 9452 9453
271 9451 9552
272 9453 9398
273 9453 9398 9674 9552 9494 9476 9675 9650 9658 9676 9677 9678
274 9453 9400
275 9453 9400 9630 9631 9632
276 9453 9414
277 9453 9418
278 9453 9467
279 9453 9467 9414
280 9453 9476
281 9453 9492
282 9453 9521 9517 9517
283 9453 9552 9666 9637
284 9453 9571
285 9453 9585
286 9453 9614 9400 9578 9467
287 9453 9619
288 9453 9619 9451
289 9453 9643
290 9453 9706
291 9453 9734
292 9453 9740
293 9453 9743
294 9454 9455
295 9455 9424 9493
296 9455 9456
297 9455 9457
298 9455 9484
299 9455 9495
300 9455 9498 9499
301 9455 9511
302 9455 9512 9511 9513 9514 9515
303 9455 9517
304 9457 9398 9411 9478 9450 9461 9479 9418 9415 9431
305 9457 9413
306 9457 9441
307 9457 9453
308 9457 9458
309 9457 9499 9409
310 9457 9565
311 9459 9413
312 9460 9461 9462 9462
313 9461 9418
314 9461 9467
315 9461 9474
316 9461 9488 9802 9467 9463 9853 9899 9900 9901 9902 9650 9903 9904 9905 9906 9907 9908
317 9461 9489
318 9461 9585
319 9461 9713 9467 9769 9624 9664
320 9461 9769 9933 10010
321 9461 9853
322 9461 9909
323 9461 9963
324 9461 9969 9970 9971
325 9461 9994
326 9461 10039
327 9461 10291 9650 10292
328 9461 10428 10429 9656
329 9462 9516 9528 9414 9410 9415 9529 9530 9531 9532 9533 9534 9535 9536 9537
330 9462 9746 9769
331 9462 10126 10127
332 9462 10160
333 9463 9398
334 9463 9400
335 9463 9418
336 9463 9461
337 9463 9467
338 9463 9488 9467 9489 9494 9494 9546
339 9463 9624
340 9463 9653
341 9463 9696
342 9463 9720
343 9463 10019
344 9463 10280
345 9464 10275 10876
346 9466 9455 9430 9467 9468
347 9467 9398
348 9467 9398 9604
349 9467 9414
350 9467 9418
351 9467 9418 9443
352 9467 9418 9616
353 9467 9445
354 9467 9445 9894
355 9467 9461 9490 9853 9896
356 9467 9463
357 9467 9463 9523
358 9467 9463 9564 9690 9687
359 9467 9474
360 9467 9477
361 9467 9478
362 9467 9478 9418 9736
363 9467 9484
364 9467 9490
365 9467 9496 9605
366 9467 9516
367 9467 9521
368 9467 9521 9517
369 9467 9521 9517 9463
370 9467 9523
371 9467 9531 9853
372 9467 9547
373 9467 9552 9631
374 9467 9564
375 9467 9600
376 9467 9608
377 9467 9609
378 9467 9612
379 9467 9617 9604
380 9467 9640
381 9467 9645 9653 9552 9400 9494 9654 9398
382 9467 9646
383 9467 9646 9461 10030
384 9467 9656
385 9467 9659
386 9467 9661 9463
387 9467 9693
388 9467 9707 9768 9453 9478
389 9467 9713
390 9467 9713 9478
391 9467 9713 9640 9801 9646 9457 9398 9733 9489
392 9467 9718 9719 9650
393 9467 9735
394 9467 9735 9740
395 9467 9739 9754 9521
396 9467 9756 9713 9552 9757
397 9467 9761 9646 9766 9767
398 9467 9769
399 9467 9781 9707 9713
400 9467 9802
401 9467 9802 9478
402 9467 9810
403 9467 9811
404 9467 9817
405 9467 9848
406 9467 9862
407 9467 9874 9875
408 9467 9882
409 9467 9885
410 9467 9918 9919
411 9467 9921
412 9467 9925
413 9467 9926
414 9467 9928
415 9467 9981 9798
416 9467 9983 9614 9745
417 9467 10225 10226
418 9467 10293
419 9467 10296
420 9467 10305
421 9467 10890
422 9467 10983
423 9467 11045
424 9470 10453
425 9473 9411 9453 9459 9474 9475
426 9473 9503
427 9474 9446 9488 9489 9490
428 9476 9398
429 9476 9398 9788
430 9476 9441
431 9476 9457 9424
432 9476 9604
433 9476 9713
434 9476 9721 9722
435 9476 10023
436 9476 10128
437 9477 9418 9793
438 9477 9463
439 9477 9490
440 9477 9637 9552
441 9477 9646 9686
442 9477 9735
443 9478 9398 10706
444 9478 9418
445 9478 9418 9398 9646 9441
446 9478 9424
447 9478 9445
448 9478 9467
449 9478 9467 9552
450 9478 9467 9624
451 9478 9489 9461 9656
452 9478 9489 10207
453 9478 9494 9734 9462 9489 10265 10266
454 9478 9522 9400 9647 9533
455 9478 9527
456 9478 9533
457 9478 9533 9463
458 9478 9547
459 9478 9564
460 9478 9567
461 9478 9584
462 9478 9604
463 9478 9604 10216
464 9478 9614
465 9478 9617
466 9478 9617 9853
467 9478 9617 10093 10132
468 9478 9617 10236
469 9478 9637
470 9478 9659
471 9478 9659 9808
472 9478 9659 11042
473 9478 9667
474 9478 9713
475 9478 9733
476 9478 9746
477 9478 9746 10140 10141
478 9478 9762 9713 9763 9500 9650 9476
479 9478 9769
480 9478 9769 9467
481 9478 9769 10389
482 9478 9777
483 9478 9789
484 9478 9801
485 9478 9808
486 9478 9815 9659
487 9478 9851
488 9478 9853
489 9478 9853 9733
490 9478 9853 9796
491 9478 9853 10306
492 9478 9884
493 9478 9885
494 9478 9914
495 9478 9939
496 9478 9975
497 9478 9976
498 9478 9976 11017
499 9478 9979
500 9478 10018
501 9478 10020
502 9478 10054
503 9478 10062
504 9478 10074
505 9478 10079
506 9478 10086
507 9478 10088
508 9478 10088 9976
509 9478 10117
510 9478 10122
511 9478 10133
512 9478 10137
513 9478 10147
514 9478 10157
515 9478 10164
516 9478 10165
517 9478 10176
518 9478 10185
519 9478 10208
520 9478 10218
521 9478 10228
522 9478 10229
523 9478 10235
524 9478 10237
525 9478 10237 10238 10239
526 9478 10244
527 9478 10252
528 9478 10275
529 9478 10279
530 9478 10287
531 9478 10293
532 9478 10300
533 9478 10325
534 9478 10334
535 9478 10349
536 9478 10368
537 9478 10369
538 9478 10384
539 9478 10416
540 9478 10427
541 9478 10430 10431 10414
542 9478 10444
543 9478 10470
544 9478 10561
545 9478 10561 10751
546 9478 10574
547 9478 10587
548 9478 10612
549 9478 10627
550 9478 10639
551 9478 10668
552 9478 10683 10325
553 9478 10712
554 9478 10715
555 9478 10719
556 9478 10730
557 9478 10751
558 9478 10753
559 9478 10788 9815
560 9478 10797
561 9478 10838
562 9478 10852 9659 9533
563 9478 10897
564 9478 10974 9646 10975
565 9478 10977
566 9478 10983
567 9478 10995
568 9478 10999
569 9478 11017
570 9478 11068
571 9478 11068 11096
572 9478 11093
573 9478 11096
574 9478 11107
575 9480 9475
576 9481 9482 9400 9483
577 9484 9413
578 9484 9424
579 9484 9443 9494
580 9484 9453
581 9488 9418
582 9488 9467
583 9488 9478
584 9488 9478 9771
585 9488 9547
586 9488 9552
587 9488 9617
588 9488 9733
589 9488 9767 9476
590 9488 9772
591 9488 9775 9707
592 9488 9779 9699 9398
593 9488 9854
594 9488 10293 10199
595 9489 9418 9523 9552 9484
596 9489 9453 9590 10118
597 9489 9585 9478
598 9489 9713 10165 10313
599 9490 9398
600 9490 9617 9853
601 9490 9707
602 9490 9713
603 9490 9853
604 9491 9492 9453
605 9492 9552
606 9494 9418
607 9494 9424 9479
608 9494 9449 9474
609 9494 9461
610 9494 9467 9424
611 9494 9496
612 9494 9545 9430 9417 9400
613 9496 9418
614 9496 9467
615 9499 9453
616 9499 9513
617 9499 9691
618 9499 9734
619 9500 9581
620 9500 9808
621 9500 10510
622 9502 9430
623 9502 9523
624 9504 9505 9467 9488 9488 9506
625 9505 9746
626 9507 9453 9508
627 9509 9398
628 9509 9400
629 9509 9421 9800
630 9509 9812 9398
631 9511 9400
632 9511 9453
633 9511 9453 9528
634 9511 9691 9734
635 9513 9453
636 9513 9552
637 9513 9578 9494
638 9516 9400 9457 9556 9557 9558
639 9516 9414 9567 9568
640 9516 9424 9606 9607
641 9516 9453 9400 9406
642 9516 9457
643 9516 9502 9586 9587 9588
644 9516 9510 9526
645 9516 9561 9562
646 9516 9580
647 9516 9596
648 9517 9467
649 9517 9540 9499
650 9518 9424
651 9521 9400
652 9521 9424
653 9521 9463
654 9521 9463 9478
655 9521 9467
656 9521 9484 9443
657 9521 9517
658 9521 9522 9467
659 9521 9617 9802
660 9521 9624
661 9521 9637
662 9521 9642
663 9522 9467
664 9522 9521
665 9523 9467 9698
666 9524 9525 9413
667 9524 9560
668 9529 10189
669 9531 9712
670 9532 9463
671 9533 9418
672 9533 9418 10165 9853 10311
673 9533 9442 10193
674 9533 9445
675 9533 9478
676 9533 9478 10105
677 9533 9585
678 9533 9651
679 9533 9659
680 9533 9707
681 9533 9748
682 9533 9769
683 9533 9805
684 9533 10061 9617
685 9533 10088
686 9533 10132
687 9533 10165
688 9533 10228
689 9533 10237
690 9533 10293
691 9533 10325
692 9533 10353
693 9533 10370
694 9533 10375
695 9533 10379
696 9533 10427
697 9533 10561
698 9533 10593
699 9533 10733
700 9533 10759
701 9533 10796 9478
702 9533 10797
703 9533 10843
704 9533 10854
705 9533 10892
706 9533 11020
707 9533 11065
708 9539 9398
709 9540 9691 9453
710 9543 9544
711 9543 9552
712 9543 9802
713 9543 9998 9999
714 9543 10977
715 9546 9634
716 9547 9467 9782
717 9547 9496
718 9547 9522 9564 9996 10561 9418
719 9547 9533
720 9547 9617
721 9547 9713 9634 9527
722 9547 9769
723 9547 9794 9795 9463
724 9547 9805
725 9547 9931 9533
726 9547 10499
727 9547 10715
728 9548 9457 9453
729 9548 9564 10973
730 9548 9659 9651 11087
731 9548 10122 11125
732 9548 11015 10334
733 9548 11041 10491
734 9550 9467
735 9550 9551
736 9551 9476
737 9552 9453
738 9552 9463
739 9552 9467
740 9552 9467 9414
741 9552 9476
742 9552 9478
743 9552 9511 9553 9453 9453 9554 9555
744 9552 9513 9453
745 9552 9564
746 9552 9604
747 9552 9604 9671
748 9552 9621 9622
749 9552 9635
750 9552 9668
751 9552 9670
752 9552 9682
753 9552 9683
754 9552 9713
755 9552 9734
756 9552 9737
757 9552 9808
758 9552 10507
759 9552 10712
760 9552 11017
761 9559 9516
762 9559 9533
763 9559 9808 10921
764 9564 9442
765 9564 9467 9477 9686 9738 9463 9735 9634
766 9564 9477
767 9564 9478 9604
768 9564 9478 10683
769 9564 9478 10820
770 9564 9516
771 9564 9547
772 9564 9547 9467 9490 9484
773 9564 9579 9494
774 9564 9617
775 9564 9659
776 9564 9713
777 9564 9739
778 9564 9769
779 9564 9979
780 9564 9987
781 9564 10009
782 9564 10109
783 9564 10122
784 9564 10165
785 9564 10427
786 9564 10887
787 9564 10926
788 9564 10975
789 9564 10978
790 9564 10999
791 9564 11003
792 9564 11013
793 9564 11028
794 9564 11052
795 9564 11058
796 9564 11069
797 9564 11076
798 9564 11078
799 9566 9421
800 9567 9478 10113 9604
801 9567 9548
802 9567 9604
803 9567 9635 9802 9604
804 9567 9683
805 9567 9734
806 9567 9808
807 9567 9975 10977
808 9567 10560
809 9567 10797
810 9567 10807
811 9567 10977
812 9567 11049
813 9567 11062
814 9569 9467
815 9570 9548
816 9570 9571 9461 9572 9410 9573 9406 9484 9574
817 9570 9604
818 9571 9467
819 9571 9575
820 9575 9424 9576
821 9577 9541
822 9578 9400 9494
823 9581 9406 9457 9398
824 9584 9400
825 9584 9453 9578
826 9584 9463
827 9584 10360 10894 10491 9808
828 9585 9453
829 9585 9453 9734
830 9585 9457
831 9585 9467 9418 9614
832 9585 9511
833 9585 9516
834 9585 9552
835 9585 9552 9398
836 9585 9619 9400 9552 9540
837 9585 9703
838 9585 9896
839 9585 10027
840 9585 10156 9781
841 9590 9398 9595 9596 9597 9598 9599
842 9590 9591
843 9590 9592 9593 9594
844 9590 9764
845 9590 9863 9984
846 9590 9917
847 9593 9916
848 9599 9683 9604
849 9600 9400 9669
850 9600 9552
851 9600 9552 9729 9730 9731 9732
852 9600 9628 9629 9463
853 9600 9668
854 9604 9398
855 9604 9400 9509 9425
856 9604 9425
857 9604 9467
858 9604 9478
859 9604 9478 9802 10073 9607
860 9604 9548 10165 11005
861 9604 9552
862 9604 9567
863 9604 9567 9552 9635
864 9604 9567 10165
865 9604 9567 10334
866 9604 9570
867 9604 9615 9441 10021
868 9604 9617
869 9604 9617 9478
870 9604 9635
871 9604 9645
872 9604 9648
873 9604 9651
874 9604 9659 10673
875 9604 9683
876 9604 9733
877 9604 9805
878 9604 9808
879 9604 9808 10206
880 9604 9846
881 9604 9917
882 9604 9976
883 9604 10044
884 9604 10109
885 9604 10113
886 9604 10146
887 9604 10165
888 9604 10249
889 9604 10376
890 9604 10427
891 9604 10451 10122
892 9604 10500
893 9604 10520
894 9604 10558
895 9604 10673
896 9604 10708
897 9604 10735
898 9604 10751
899 9604 10805
900 9604 10861
901 9604 10871
902 9604 10901
903 9604 10928
904 9604 10945
905 9604 10946
906 9604 10961
907 9604 10983
908 9604 11014
909 9604 11057
910 9604 11089
911 9607 9462 10071 10072
912 9607 9478
913 9607 9707
914 9607 9769 9478 9462
915 9610 9441
916 9611 9612
917 9612 9741
918 9614 10394
919 9614 10649
920 9615 9398
921 9617 9418
922 9617 9445
923 9617 9445 9467
924 9617 9445 9489 9915
925 9617 9467
926 9617 9478
927 9617 9489 9713
928 9617 9548
929 9617 9604
930 9617 9645 9467
931 9617 9659
932 9617 9713
933 9617 9713 9814
934 9617 9744 9478
935 9617 9769
936 9617 9769 10378 10379 10380
937 9617 9801 10334
938 9617 9802
939 9617 9802 9683
940 9617 9808
941 9617 9815
942 9617 9883 9500
943 9617 9914
944 9617 9920
945 9617 9954 9955 9956
946 9617 9967
947 9617 9967 9467 9477
948 9617 9976
949 9617 9979
950 9617 10024
951 9617 10129
952 9617 10165
953 9617 10185
954 9617 10190 10191
955 9617 10196
956 9617 10237
957 9617 10307
958 9617 10325
959 9617 10353
960 9617 10388
961 9617 10434
962 9617 10454
963 9617 10496
964 9617 10592
965 9617 10673 9604 9478
966 9617 10733
967 9617 10798
968 9617 10857
969 9617 10862
970 9617 10886
971 9617 10932
972 9617 10955 9478
973 9617 10969
974 9617 10981
975 9617 11010
976 9617 11017
977 9618 9592 9584
978 9619 9453
979 9619 10192
980 9619 10282
981 9620 9596
982 9624 9533 10298 10299
983 9625 9400
984 9626 9600
985 9627 9476
986 9631 9552
987 9633 9634
988 9634 9713
989 9635 9413
990 9635 9435
991 9635 9474 9617
992 9635 9552
993 9635 9585 9477
994 9635 9600
995 9635 9604
996 9635 9614 9552 9696
997 9635 9650
998 9635 9651
999 9635 9651 10961
1000 9635 9683
1001 9635 9683 9635 9635 9552
1002 9635 9683 10621
1003 9635 9714
1004 9635 9734
1005 9635 9764
1006 9635 9764 10060
1007 9635 9801 10977 9552 9567
1008 9635 9808
1009 9635 9846
1010 9635 9881 9604
1011 9635 9912
1012 9635 9961
1013 9635 10026 10026
1014 9635 10060
1015 9635 10060 9650
1016 9635 10081
1017 9635 10088
1018 9635 10131
1019 9635 10160
1020 9635 10195
1021 9635 10206
1022 9635 10249
1023 9635 10303
1024 9635 10320
1025 9635 10337
1026 9635 10435 9650 10436
1027 9635 10440
1028 9635 10462
1029 9635 10471
1030 9635 10485 10486
1031 9635 10498
1032 9635 10534
1033 9635 10558
1034 9635 10762
1035 9635 10782
1036 9635 10789
1037 9635 10806
1038 9635 10814
1039 9635 10824
1040 9635 10895
1041 9635 10970
1042 9635 10972
1043 9635 10977
1044 9636 9521 9637 9638
1045 9637 9463
1046 9637 9463 9667 9443
1047 9637 9467 9463
1048 9639 9640 9641 9517
1049 9644 9467
1050 9645 9467
1051 9645 9467 9740
1052 9645 9540
1053 9645 9552
1054 9645 9635
1055 9645 9646
1056 9645 9656
1057 9645 9683 9646
1058 9645 10319
1059 9645 10344
1060 9646 9494
1061 9646 9707
1062 9646 9805
1063 9648 9445
1064 9648 9998
1065 9648 10165
1066 9648 10355
1067 9650 9478 10350 9676
1068 9650 9490 10228
1069 9650 9614
1070 9650 9635
1071 9650 10258
1072 9651 9435
1073 9651 9548
1074 9651 9635
1075 9651 10458 10459
1076 9651 10469
1077 9651 10585 10586
1078 9651 10965 9808 10966
1079 9651 10971
1080 9656 9445
1081 9656 9461
1082 9656 9584
1083 9658 9707
1084 9659 9424
1085 9659 9445
1086 9659 9478
1087 9659 9533
1088 9659 9548
1089 9659 9564
1090 9659 9617
1091 9659 9660
1092 9659 9769 10680
1093 9659 9808
1094 9659 9815
1095 9659 9921
1096 9659 9975
1097 9659 9976
1098 9659 10165
1099 9659 10185
1100 9659 10325
1101 9659 10560
1102 9659 10601
1103 9659 10673
1104 9659 10705
1105 9659 10726
1106 9659 10751
1107 9659 10798
1108 9659 10886
1109 9659 10929
1110 9659 10940
1111 9659 10983
1112 9659 11017
1113 9659 11034 10983
1114 9659 11039
1115 9659 11048
1116 9659 11076
1117 9659 11123
1118 9660 9617 9975
1119 9660 10081
1120 9660 10742
1121 9660 11059
1122 9660 11068
1123 9660 11085
1124 9660 11094
1125 9661 9637
1126 9661 9662
1127 9662 9453
1128 9662 9457
1129 9664 9665
1130 9666 10000
1131 9668 9614
1132 9668 9684 9685
1133 9673 9398
1134 9680 9681
1135 9683 9453
1136 9683 9513
1137 9683 9525 9723
1138 9683 9540
1139 9683 9552
1140 9683 9567
1141 9683 9600
1142 9683 9604
1143 9683 9617 9635
1144 9683 9635
1145 9683 9635 10941
1146 9683 9645
1147 9683 9651
1148 9683 9696
1149 9683 9697 9552
1150 9683 9735 9789
1151 9683 9746
1152 9683 9764
1153 9683 10001
1154 9683 10081 9398
1155 9683 10240
1156 9683 10249
1157 9683 10341
1158 9683 10345 10346 9597
1159 9683 10460
1160 9683 10476 10477 10478
1161 9683 10567
1162 9683 10945
1163 9683 10961
1164 9683 10969
1165 9685 9494 9509
1166 9687 9637
1167 9688 9552 9692
1168 9688 9689
1169 9691 9453
1170 9691 9463
1171 9691 10341 10442
1172 9695 9552
1173 9695 9687
1174 9696 9516
1175 9696 9552
1176 9696 9552 9897
1177 9696 10513
1178 9698 9769
1179 9698 9995
1180 9704 9398 9705
1181 9705 9398
1182 9707 9461
1183 9707 9467
1184 9707 9467 9552
1185 9707 9713
1186 9707 9769
1187 9707 9801
1188 9707 9803
1189 9708 9698
1190 9709 9710 9711
1191 9713 9414
1192 9713 9418
1193 9713 9418 9765
1194 9713 9418 9769
1195 9713 9445
1196 9713 9463
1197 9713 9463 9478
1198 9713 9467
1199 9713 9467 9398 9733 9755
1200 9713 9467 9478
1201 9713 9477
1202 9713 9477 9646
1203 9713 9484
1204 9713 9509
1205 9713 9546
1206 9713 9552 9478 9477 9650
1207 9713 9552 9619 9751 9552 9552 9467 9474 9752 9398
1208 9713 9604
1209 9713 9645
1210 9713 9735
1211 9713 9739
1212 9713 9742
1213 9713 9746
1214 9713 9769
1215 9713 9795
1216 9713 9802 9617
1217 9713 9805
1218 9713 9805 9815
1219 9713 9808
1220 9713 9815
1221 9713 9823 9418 9490 9824
1222 9713 9842
1223 9713 9929
1224 9713 9996 9445
1225 9713 10063
1226 9713 10065
1227 9713 10088 9805
1228 9713 10208
1229 9713 10246
1230 9713 10293
1231 9713 10404
1232 9713 10669
1233 9714 9552 9715
1234 9716 9552
1235 9717 9552
1236 9717 9656
1237 9717 10433
1238 9725 10290
1239 9726 9398
1240 9734 9398
1241 9734 9453
1242 9734 9476
1243 9734 9552
1244 9734 9567
1245 9734 9716 9936
1246 9734 9917
1247 9734 10027
1248 9734 10113
1249 9734 10172
1250 9734 10197
1251 9734 10275 9604
1252 9734 10288
1253 9734 10334
1254 9734 10455
1255 9734 10633
1256 9735 9418
1257 9735 9769
1258 9739 9463 9552
1259 9739 9476
1260 9739 9478
1261 9739 9552
1262 9740 9552
1263 9740 9552 9478 9645
1264 9744 9445 9782
1265 9744 9463
1266 9744 9467
1267 9744 9470
1268 9744 9533
1269 9744 9564 9478 9734 9801 10948 10813 10949 10950 10122 10796 10951 10952
1270 9744 9745 9646
1271 9744 9769
1272 9744 9792 9453 9552
1273 9744 9805
1274 9744 9815
1275 9744 9998
1276 9744 10165
1277 9744 10258 10260
1278 9744 10672
1279 9744 10841
1280 9746 9418
1281 9746 9445 10019
1282 9746 9453
1283 9746 9461
1284 9746 9463
1285 9746 9736 10374
1286 9746 9756 10114
1287 9746 9769
1288 9746 10081
1289 9746 10143
1290 9746 10228
1291 9746 10293
1292 9746 10335 10228 10220
1293 9747 9478
1294 9748 9604
1295 9749 9750
1296 9753 9739
1297 9758 9467
1298 9758 9646
1299 9759 9477
1300 9760 9443
1301 9761 9461
1302 9761 9717
1303 9764 9398 9489
1304 9764 9413
1305 9764 9552
1306 9764 9635
1307 9764 9651
1308 9764 9683
1309 9764 9734
1310 9764 10026
1311 9764 10060
1312 9764 10081 10338
1313 9764 10218
1314 9764 10253
1315 9764 10255
1316 9764 10361
1317 9764 10382
1318 9764 10525
1319 9764 10527 10528 10529
1320 9764 10608
1321 9764 10691
1322 9764 10804
1323 9764 10811
1324 9764 10828
1325 9769 9418 10421
1326 9769 9445
1327 9769 9461 9656 9713
1328 9769 9463
1329 9769 9467
1330 9769 9478
1331 9769 9489 9859
1332 9769 9492
1333 9769 9523
1334 9769 9533
1335 9769 9547
1336 9769 9677 10561
1337 9769 9713
1338 9769 9746
1339 9769 9794
1340 9769 9802
1341 9769 9805 9470 10165
1342 9769 9817
1343 9769 9902
1344 9769 9958 10237
1345 9769 9993
1346 9769 10008
1347 9769 10020 10087
1348 9769 10029
1349 9769 10045
1350 9769 10067
1351 9769 10076
1352 9769 10082
1353 9769 10143
1354 9769 10237
1355 9769 10325
1356 9769 10390 10391
1357 9769 10674
1358 9770 9467
1359 9776 9509
1360 9776 9951
1361 9776 10011
1362 9780 9781
1363 9782 9418 9547
1364 9782 9494
1365 9782 10026
1366 9782 10088
1367 9783 9784 9785 9786 9787
1368 9789 9791 9398
1369 9790 9509 9463 9457
1370 9793 10287
1371 9795 9445
1372 9797 9478 10807
1373 9797 9797 10089
1374 9797 10354
1375 9797 10360
1376 9801 9478
1377 9802 9445
1378 9802 9453
1379 9802 9478
1380 9802 9478 9808 9617 9617 9801
1381 9802 9478 10328 10165
1382 9802 9494 9972 9461 9921 9973 9974
1383 9802 9638
1384 9802 9656
1385 9802 9713
1386 9802 9713 10074
1387 9802 9769 9533
1388 9802 9805 9833
1389 9802 9840 9841
1390 9802 9845
1391 9802 9853 9958 10032 10033 9489 9896 10034 9859
1392 9802 9885
1393 9802 9964
1394 9802 10185
1395 9802 10392
1396 9803 9832 9398
1397 9804 9467
1398 9805 9470
1399 9805 9478 10244 10245
1400 9805 9533
1401 9805 9676
1402 9805 9713
1403 9805 9713 9564
1404 9805 9746
1405 9805 9769
1406 9805 9808
1407 9805 10109
1408 9805 10138
1409 9805 10218
1410 9805 10224
1411 9805 10228
1412 9805 10250
1413 9805 10475
1414 9807 9646
1415 9808 9445
1416 9808 9478
1417 9808 9478 9604
1418 9808 9478 10371
1419 9808 9489
1420 9808 9489 9467
1421 9808 9533
1422 9808 9533 10479
1423 9808 9559
1424 9808 9564
1425 9808 9567 10122 10122 10901
1426 9808 9604
1427 9808 9604 9975
1428 9808 9617
1429 9808 9617 9445
1430 9808 9659
1431 9808 9659 10751 11017
1432 9808 9660
1433 9808 9677 9917
1434 9808 9689
1435 9808 9713
1436 9808 9713 9617
1437 9808 9782
1438 9808 9797 9489
1439 9808 9802
1440 9808 9802 10711 10185 10593
1441 9808 9808
1442 9808 9809
1443 9808 9815
1444 9808 9815 9467
1445 9808 9853
1446 9808 9889
1447 9808 9975
1448 9808 9975 9478
1449 9808 9975 9604
1450 9808 9975 10937
1451 9808 9976
1452 9808 9979
1453 9808 9980
1454 9808 10132
1455 9808 10165
1456 9808 10165 10861
1457 9808 10185
1458 9808 10234
1459 9808 10247
1460 9808 10257
1461 9808 10258
1462 9808 10325
1463 9808 10347
1464 9808 10405
1465 9808 10415
1466 9808 10416
1467 9808 10432
1468 9808 10560 9617 9975 10325 10796 10287 9490
1469 9808 10561
1470 9808 10589
1471 9808 10627
1472 9808 10629
1473 9808 10663
1474 9808 10673
1475 9808 10688
1476 9808 10705 9478
1477 9808 10705 9604 10881
1478 9808 10718
1479 9808 10751
1480 9808 10751 9815
1481 9808 10751 10122
1482 9808 10751 10937 9975
1483 9808 10751 11007
1484 9808 10751 11096
1485 9808 10821
1486 9808 10861
1487 9808 10861 9478
1488 9808 10861 9976
1489 9808 10877
1490 9808 10884 9677
1491 9808 10928
1492 9808 10940
1493 9808 10944
1494 9808 10968
1495 9808 10977
1496 9808 11017 11068
1497 9808 11068
1498 9808 11096
1499 9812 9813
1500 9815 9414
1501 9815 9478 9604 9659 9975 10639
1502 9815 9584
1503 9815 9617
1504 9815 9650
1505 9815 9650 9584
1506 9815 9769
1507 9815 9975
1508 9815 10043
1509 9816 9453
1510 9818 9488
1511 9819 9399 9820
1512 9828 9829 9564 9713
1513 9830 9831
1514 9832 9490
1515 9834 9398
1516 9835 9552
1517 9836 9832
1518 9837 9838 9839
1519 9840 9707
1520 9843 9467 9844
1521 9846 9635
1522 9846 10393
1523 9847 9769 10372
1524 9848 9398
1525 9848 9808
1526 9848 9849
1527 9848 10041
1528 9848 10752
1529 9850 9418
1530 9851 9418 9467 9852
1531 9851 9614 9635 10112 10113
1532 9853 9418
1533 9853 9478
1534 9853 9533
1535 9853 9650 9489 9734
1536 9853 9713
1537 9853 9769
1538 9853 9966
1539 9853 10940
1540 9854 9855
1541 9857 9467
1542 9857 10383 9764
1543 9858 9516 9859
1544 9863 9683
1545 9864 9865 9866 9867
1546 9865 9933
1547 9865 9977 9476 9398
1548 9865 10411
1549 9868 9683
1550 9872 9873
1551 9876 9877
1552 9877 10312
1553 9878 9617
1554 9884 9885 9617
1555 9885 9418
1556 9885 9467
1557 9885 9617
1558 9885 10205
1559 9885 10273 9966
1560 9886 9617 9887
1561 9890 9891 9892 9893
1562 9892 9467
1563 9895 9489
1564 9896 9398
1565 9896 10022
1566 9896 10223
1567 9896 10314
1568 9896 10687
1569 9905 10058
1570 9910 9696 9911 9683
1571 9912 9913
1572 9912 9942 9635
1573 9917 10017
1574 9917 10543
1575 9921 9922
1576 9921 9945
1577 9921 9967
1578 9922 9923
1579 9924 9683
1580 9927 9463 10166 10167
1581 9927 9928
1582 9927 9985
1583 9928 9659 9500 10088
1584 9929 9531 9930
1585 9931 9478
1586 9932 9800
1587 9933 9398
1588 9933 9604
1589 9933 9734
1590 9933 9934 9935
1591 9933 10136
1592 9937 9467
1593 9938 9467
1594 9939 9853
1595 9940 9941
1596 9941 9946
1597 9943 9944
1598 9947 9948
1599 9949 9950
1600 9952 9953
1601 9957 9920
1602 9958 9478
1603 9958 9746 9975
1604 9958 10293 9442 9796
1605 9960 9617 9489
1606 9965 9966
1607 9967 9445
1608 9967 9645 9769 9968
1609 9967 9917
1610 9975 9477
1611 9975 9478
1612 9975 9617
1613 9975 9659
1614 9975 9746 10064
1615 9975 9769
1616 9975 9808 10589
1617 9975 9976
1618 9975 10059
1619 9975 10122
1620 9975 10132
1621 9975 10185
1622 9975 10185 10912 9659 10913
1623 9975 10675
1624 9975 10683
1625 9975 10807
1626 9975 10928
1627 9975 10969
1628 9976 9478
1629 9976 9533 11121 9442
1630 9976 9659
1631 9976 9659 10751
1632 9976 9808
1633 9976 10334 9567
1634 9976 10334 11070
1635 9976 10683
1636 9976 10741
1637 9976 10751
1638 9976 10751 10990
1639 9976 10751 10996
1640 9976 10881
1641 9976 10969 9617
1642 9976 11006
1643 9976 11017
1644 9976 11019
1645 9976 11020
1646 9976 11029 11030
1647 9976 11033
1648 9976 11054 11055 11056
1649 9976 11062
1650 9976 11082
1651 9976 11109 11113
1652 9978 9453
1653 9979 9445
1654 9979 9478
1655 9979 10733 10837
1656 9979 10796
1657 9979 10807 9808 9975 10325
1658 9980 9445
1659 9980 10018
1660 9980 10237
1661 9982 9398 9917 9476
1662 9985 9746
1663 9986 9398
1664 9987 9748
1665 9987 9988 9989
1666 9991 9992
1667 9994 9995
1668 9995 9748
1669 9995 10275 10859
1670 9995 10363
1671 9996 9418
1672 9996 9533
1673 9996 9976 9976
1674 9996 9987
1675 9996 10815 9478
1676 9997 9489 9604
1677 10002 9474 10003 9584 10004
1678 10005 9398
1679 10005 10006
1680 10005 10042
1681 10012 9764
1682 10013 10014
1683 10015 9917
1684 10018 9478
1685 10018 9478 9490
1686 10018 9859 9477
1687 10019 10020
1688 10026 9398 9467
1689 10026 9635
1690 10026 9656
1691 10026 9734
1692 10026 10035 10036
1693 10026 10059
1694 10026 10211 9635
1695 10027 9398
1696 10027 10028
1697 10027 10483
1698 10031 9683
1699 10044 9651
1700 10044 9986 10341 9656 9453 9470 9478 9750 10342 9846 10343
1701 10046 9489
1702 10047 10048
1703 10049 10050 9398 10051 10052 10053
1704 10054 9975
1705 10059 10561
1706 10059 11101
1707 10060 9590
1708 10060 9635
1709 10060 9635 9567
1710 10060 9635 9594
1711 10060 9651
1712 10060 9764 10297
1713 10060 10268
1714 10060 10610
1715 10060 10720
1716 10060 10737
1717 10061 9769
1718 10066 9398
1719 10067 9445
1720 10067 9461
1721 10068 10069
1722 10070 9462
1723 10075 9846
1724 10077 10078
1725 10077 10270
1726 10077 10790
1727 10078 10816 10817
1728 10080 10081
1729 10081 9445
1730 10081 9552
1731 10081 9567 10113
1732 10081 9604
1733 10081 9651
1734 10081 9764
1735 10081 9863
1736 10081 10200
1737 10081 10241
1738 10081 10276 10277 10278
1739 10081 10400
1740 10081 10414
1741 10081 10677 10678
1742 10081 10824
1743 10081 11043
1744 10083 10084 10085
1745 10088 9418
1746 10088 9463
1747 10088 9927 9815
1748 10088 10148
1749 10088 10580 10244
1750 10090 9639
1751 10091 10092 10093 10094 9462 10095 10096 10097 10098 10099 10100 10101 10102
1752 10098 10165 10329
1753 10103 9476 10104 9734
1754 10106 10107 10108
1755 10109 10110 10111
1756 10109 10132
1757 10109 10483
1758 10109 10561
1759 10109 10770
1760 10109 10928
1761 10111 9617
1762 10113 9453
1763 10113 9478
1764 10113 9604
1765 10113 9744 9917
1766 10113 9808 9604
1767 10113 10165
1768 10113 10210 10211
1769 10113 10420
1770 10113 10424
1771 10113 10755
1772 10114 9746 10139
1773 10115 10116
1774 10115 10362
1775 10119 10120 9961 10121 9848
1776 10120 9635
1777 10122 9424
1778 10122 9435
1779 10122 9478
1780 10122 9547 10809
1781 10122 9651
1782 10122 9659
1783 10122 9808 9604
1784 10122 9851
1785 10122 10630
1786 10122 10673
1787 10122 10751
1788 10122 10904
1789 10122 11054
1790 10123 9398 10124
1791 10130 9478
1792 10132 9467
1793 10132 9617 10165
1794 10132 9617 10775
1795 10132 9659
1796 10132 10245
1797 10132 10275
1798 10132 10334
1799 10132 10561
1800 10132 10795
1801 10132 10867
1802 10132 10902
1803 10133 10067 10134
1804 10135 10060
1805 10142 9645 9635 9651
1806 10143 9490 10171
1807 10143 9590 9815
1808 10143 9651 9435 9638
1809 10143 9733
1810 10143 9746
1811 10144 10145
1812 10149 10150
1813 10150 9734
1814 10150 9831
1815 10151 9604
1816 10152 9398
1817 10152 9776
1818 10153 10150 10154 9404 10155
1819 10158 10159
1820 10161 10162 10163
1821 10165 9425
1822 10165 9467 9659
1823 10165 9478
1824 10165 9478 9564
1825 10165 9533
1826 10165 9547
1827 10165 9604
1828 10165 9651
1829 10165 9659
1830 10165 9744
1831 10165 9815 10844 10376
1832 10165 9917
1833 10165 9975
1834 10165 9976
1835 10165 10088
1836 10165 10114
1837 10165 10132
1838 10165 10176 11020 11021 11022 11023
1839 10165 10218
1840 10165 10312
1841 10165 10325
1842 10165 10340
1843 10165 10416
1844 10165 10427
1845 10165 10560
1846 10165 10561
1847 10165 10638
1848 10165 10640
1849 10165 10709
1850 10165 10741
1851 10165 10751 11017
1852 10165 10798
1853 10165 10843
1854 10165 10858
1855 10165 10897
1856 10165 10898
1857 10165 10919 10920 9435
1858 10165 10938 10939
1859 10165 10977
1860 10165 10979
1861 10165 11012
1862 10165 11024
1863 10165 11046
1864 10165 11050
1865 10165 11060
1866 10165 11061
1867 10165 11114
1868 10168 9853 9769
1869 10169 10143 9398
1870 10170 9927
1871 10173 10174
1872 10175 10176 10177
1873 10176 9659
1874 10176 11082
1875 10178 10081 10179
1876 10180 9489
1877 10181 10182 10183
1878 10184 9398
1879 10185 9659
1880 10185 9975
1881 10185 10398
1882 10185 10636 10637
1883 10185 10673
1884 10186 9398
1885 10186 9645
1886 10186 10386
1887 10187 10188
1888 10190 10176
1889 10193 10180
1890 10194 10165
1891 10198 9656 10176 10199
1892 10201 10202
1893 10203 10204
1894 10206 9744
1895 10206 10218
1896 10208 9746
1897 10211 9635
1898 10211 10212 9552 10213
1899 10211 10351 10352
1900 10214 9764 10215 10081
1901 10216 10217
1902 10218 9490 10222
1903 10218 10081
1904 10218 10220 10221 9958
1905 10219 9398
1906 10225 10293
1907 10227 10228
1908 10228 9418
1909 10228 9604 10900
1910 10228 10353
1911 10229 9650
1912 10229 9808
1913 10229 10212
1914 10229 10283 10284
1915 10230 9764
1916 10231 10206
1917 10232 10233
1918 10237 9478
1919 10237 9500 10463
1920 10237 9533 10325
1921 10237 9744
1922 10237 9782
1923 10237 9922
1924 10237 10165
1925 10237 10165 9547
1926 10237 10325
1927 10237 10456 10457
1928 10237 10559
1929 10237 10584
1930 10242 10243
1931 10244 9533 9975
1932 10244 10560
1933 10245 10109
1934 10248 10081
1935 10251 9445
1936 10257 10165
1937 10257 10711
1938 10259 9744
1939 10261 10244
1940 10262 9398
1941 10267 9398
1942 10269 9635
1943 10271 10272
1944 10274 9604
1945 10275 9442
1946 10275 9478
1947 10275 9617
1948 10275 10325
1949 10275 10760
1950 10285 10283
1951 10286 10054
1952 10288 10228
1953 10289 9398
1954 10293 9445
1955 10293 9533
1956 10293 9808 10551 9533 10552
1957 10293 10061
1958 10293 10446
1959 10301 9445
1960 10302 9746
1961 10305 10275
1962 10309 10310
1963 10312 10626
1964 10312 10761 9435
1965 10315 9533 10316
1966 10316 10554
1967 10317 9645
1968 10318 9635
1969 10321 9650 10322 10323
1970 10324 10325 10326 10327
1971 10325 9453 9567
1972 10325 9470
1973 10325 9478 10165
1974 10325 9533
1975 10325 9617 10930
1976 10325 9659
1977 10325 10412 10413
1978 10325 10427
1979 10325 10452
1980 10325 10681
1981 10325 10843
1982 10325 10925
1983 10330 9478
1984 10331 9445
1985 10333 10287 10334
1986 10334 9418
1987 10334 9567
1988 10334 9651
1989 10334 10132
1990 10334 10454
1991 10334 10560
1992 10334 11043
1993 10334 11063
1994 10336 9533
1995 10339 9478 9418
1996 10347 9489 9604
1997 10347 10348
1998 10357 10445
1999 10358 9398 9476
2000 10359 10354 9445
2001 10364 10365
2002 10367 9478
2003 10373 9453 10325
2004 10373 10176
2005 10377 9917
2006 10385 10081
2007 10387 10325
2008 10390 10979
2009 10396 9467
2010 10397 9445 10398
2011 10399 9478
2012 10401 10402 9398
2013 10403 9764
2014 10406 10088 10407
2015 10408 10081
2016 10409 10410
2017 10416 9533
2018 10417 10418 10419
2019 10422 10423 10186
2020 10426 9650
2021 10427 10176 10725
2022 10427 10620 9470 9797 10225
2023 10437 10244 10438
2024 10440 9979 9975
2025 10440 10441
2026 10443 10060
2027 10448 10165
2028 10449 10450
2029 10452 10741 10769
2030 10452 10776
2031 10464 10465 10466
2032 10467 10468
2033 10471 10534 10535
2034 10471 10555
2035 10474 9651
2036 10480 10481
2037 10482 9734
2038 10483 9453
2039 10483 9604
2040 10483 9740
2041 10483 10501
2042 10483 10774
2043 10483 10879
2044 10484 9476
2045 10487 9533
2046 10490 9445 10573
2047 10490 10491 9782 10492
2048 10493 10494 10495
2049 10497 9478
2050 10502 10503 10504 10493
2051 10505 10506 9865
2052 10508 10509 9552
2053 10511 10512
2054 10514 10515
2055 10516 10517
2056 10518 10519
2057 10520 11002
2058 10521 10502
2059 10522 9614
2060 10523 10524
2061 10526 9398
2062 10530 10531
2063 10531 10275
2064 10531 10561
2065 10532 10533
2066 10534 9764
2067 10534 10853
2068 10536 10497
2069 10537 10538
2070 10539 10540 10541
2071 10542 9533
2072 10543 10568
2073 10544 9648 10545 10546 10547
2074 10548 10549
2075 10550 9533
2076 10550 10165
2077 10553 9445
2078 10556 10557
2079 10558 9424
2080 10558 9635
2081 10558 10782
2082 10560 9533
2083 10560 9975
2084 10560 10427
2085 10560 10617
2086 10560 10674 10679
2087 10560 10715
2088 10561 9478
2089 10561 9564
2090 10561 9617
2091 10561 10562
2092 10561 10827
2093 10561 10915
2094 10563 10166
2095 10564 10565 9677
2096 10567 9398
2097 10570 10571 10572
2098 10576 10544
2099 10577 10578 10579
2100 10579 9651
2101 10581 10582 10237
2102 10588 9764
2103 10589 9424 10614
2104 10590 10591
2105 10593 10896
2106 10594 10595 10596
2107 10597 10060 9435
2108 10598 10599 10538
2109 10600 9478
2110 10600 9659
2111 10600 10738 10237
2112 10601 10602
2113 10603 10604
2114 10605 10606 9635 9764
2115 10607 9533
2116 10607 10619
2117 10609 10610
2118 10610 11016
2119 10611 9769 10602 9659
2120 10613 9651 10044
2121 10615 10616
2122 10617 10618
2123 10617 10682
2124 10622 9398
2125 10623 10624
2126 10627 9564 11075
2127 10627 9885
2128 10627 10034
2129 10627 10132 11090 11091
2130 10627 10373
2131 10627 10416
2132 10627 10560
2133 10627 10751 10979
2134 10627 10980
2135 10627 11068
2136 10627 11086
2137 10628 10628
2138 10631 10632
2139 10634 10635 10633
2140 10639 10638
2141 10641 9614
2142 10643 10644
2143 10647 9683
2144 10647 9764
2145 10650 10651 10652 10653 10654
2146 10655 9478 10656 10657
2147 10658 9398
2148 10660 9398
2149 10660 10834
2150 10660 10845
2151 10660 10893
2152 10661 10662
2153 10664 9744 10665 10666
2154 10667 9500
2155 10670 9764
2156 10671 9744
2157 10673 9478
2158 10673 9604
2159 10673 9808
2160 10673 9976 9400
2161 10673 10560
2162 10673 10561 9478
2163 10673 10593
2164 10673 10997
2165 10673 11025
2166 10673 11068
2167 10673 11073
2168 10673 11106
2169 10674 10675
2170 10679 10924
2171 10682 10717
2172 10683 9659
2173 10683 10977 9976
2174 10683 11026
2175 10684 10561
2176 10685 10686
2177 10692 9585 10693 10694 10695 10564
2178 10696 10697 10698 10699
2179 10700 9478
2180 10701 10702
2181 10703 9604
2182 10704 9683
2183 10707 9398
2184 10710 9398
2185 10713 10714
2186 10716 9617 9975 9815
2187 10718 10499
2188 10723 10724
2189 10729 9660
2190 10730 10731 10732
2191 10733 10734
2192 10739 9604
2193 10740 10165
2194 10743 9398
2195 10744 10745
2196 10747 10748 9398
2197 10749 9398
2198 10750 10747
2199 10751 9478 9808
2200 10751 9604
2201 10751 9617 10751 9617 9976
2202 10751 9659
2203 10751 9683 10165
2204 10751 9808
2205 10751 9917
2206 10751 10132
2207 10751 10275 10969
2208 10751 10969
2209 10751 10982
2210 10751 10999
2211 10751 11024
2212 10751 11066
2213 10751 11068
2214 10751 11092
2215 10754 10122
2216 10756 10757
2217 10758 9533
2218 10759 10977
2219 10763 10764
2220 10765 10766
2221 10767 10715
2222 10769 10132
2223 10769 10715 10868
2224 10771 10600 10772
2225 10773 10623
2226 10777 9658
2227 10778 10779
2228 10780 10060 10781
2229 10784 10785 9533 9478
2230 10786 9478
2231 10786 10165
2232 10786 10964 9442
2233 10787 9585
2234 10789 9808
2235 10789 10911 10325
2236 10791 10792
2237 10793 10794
2238 10796 9424 9659
2239 10796 9533 10797 10798
2240 10797 9478
2241 10797 9604
2242 10797 9617
2243 10797 9808 10427
2244 10797 9931 10861
2245 10798 9435
2246 10798 9617 9604 9683
2247 10798 10237
2248 10799 10800
2249 10801 10802
2250 10807 9445 9659
2251 10807 9604 10797
2252 10808 9659
2253 10808 10219
2254 10808 10623
2255 10809 9533
2256 10809 10846
2257 10810 9533
2258 10812 10813 9659
2259 10814 10165
2260 10818 9607
2261 10818 10822
2262 10818 10935
2263 10819 9635
2264 10823 9424 10122
2265 10825 10826
2266 10829 9478
2267 10830 10831
2268 10832 10427
2269 10832 10833
2270 10834 9635
2271 10834 10796
2272 10834 10818
2273 10834 11004 9607 11005 10974 10027
2274 10835 10836
2275 10838 10923
2276 10839 10840
2277 10839 10936
2278 10839 11010
2279 10842 9659
2280 10847 10848
2281 10849 10850 10851
2282 10855 9892
2283 10856 10754
2284 10861 9424
2285 10861 9815 10798 9617
2286 10861 10416 9478
2287 10861 10560 9424
2288 10861 10797
2289 10861 10839
2290 10861 10863
2291 10861 10872
2292 10861 11002
2293 10864 10865 10866
2294 10869 10798
2295 10869 10870
2296 10873 10874
2297 10875 10786
2298 10878 10334
2299 10880 10881
2300 10882 10122 9532 10883
2301 10885 10165
2302 10886 10165 10789
2303 10886 10325 9617 9604 10165 9567 10899 10185
2304 10887 10165 9659
2305 10888 9533 10905
2306 10888 10889
2307 10903 9604
2308 10906 9808 9659
2309 10907 10908
2310 10909 10910
2311 10914 9533
2312 10917 10918
2313 10922 10239
2314 10924 10797
2315 10927 9424
2316 10928 9564
2317 10928 9617
2318 10928 10132
2319 10928 11062 10334
2320 10928 11071
2321 10928 11096
2322 10930 9604
2323 10930 11047
2324 10931 9533
2325 10933 10934
2326 10942 10943 10811
2327 10947 10888
2328 10953 10954
2329 10956 9617 10957 10944 10958
2330 10959 10957
2331 10960 9478
2332 10961 10962 10887 10963
2333 10967 9651
2334 10969 9815
2335 10969 11068
2336 10969 11115 11116
2337 10971 9651
2338 10971 10060 9617
2339 10971 10673
2340 10971 10977
2341 10975 10627 10979
2342 10976 9808
2343 10976 10561
2344 10976 10944
2345 10977 9604
2346 10977 9635
2347 10977 9651
2348 10977 10059
2349 10977 10165
2350 10977 10991
2351 10979 11009
2352 10979 11096
2353 10981 10878
2354 10983 9651
2355 10983 9917
2356 10983 10930
2357 10983 10984
2358 10985 9533
2359 10986 9564
2360 10987 9683
2361 10988 10989
2362 10992 10993 10994
2363 10995 10887
2364 10995 11124
2365 10998 9425
2366 10999 9659
2367 10999 10673
2368 10999 10928 11028
2369 10999 11068
2370 10999 11071
2371 11002 11027
2372 11008 9424 11018
2373 11008 9509
2374 11011 9651
2375 11017 9533
2376 11017 9564
2377 11017 9659
2378 11017 9808
2379 11017 9808 9478
2380 11017 9976
2381 11017 10483
2382 11017 10928
2383 11017 10977 10928
2384 11017 11044
2385 11017 11068
2386 11017 11076
2387 11017 11082 10976
2388 11019 10979
2389 11031 9976 11032
2390 11035 11036
2391 11037 11038
2392 11040 9564
2393 11043 9651
2394 11051 10534
2395 11053 10928
2396 11053 10979 9442
2397 11053 11017
2398 11062 10751
2399 11062 11068
2400 11062 11109
2401 11064 9567
2402 11067 9651
2403 11068 9975
2404 11068 10751
2405 11068 10977 9617
2406 11068 11099
2407 11068 11109
2408 11071 10165
2409 11071 11072
2410 11074 9651 9424 10839
2411 11076 10373 10976
2412 11077 10561
2413 11078 11081
2414 11079 11080 9635
2415 11082 10627
2416 11083 11084
2417 11096 9617
2418 11096 9659
2419 11096 9975
2420 11096 10995
2421 11096 10999
2422 11096 11101 11102
2423 11096 11119
2424 11098 9808
2425 11100 9478
2426 11103 11104 11105
2427 11108 9548
2428 11108 10059
2429 11110 11111 11112
2430 11117 11118
2431 11120 9533
2432 11122 11062 11017
2433 11126 11017
2434 11127 9424
2435 11128 10976
2436 11129 11017 11130 11076