teamID questionID questionID ...
0 0
1 503
2 134 98
3 31
4 809
5 615
6 950 1862
7 1079
8 1806
9 442 458
10 382
11 483
12 790 305
13 231 266 300 336 343 344 479 646 653 743 1129 1132
14 437
15 500
16 204
17 1316
18 275
19 834
20 243
21 50
22 446 416
23 63
24 254
25 1660
26 154
27 166 1178 1864
28 1742
29 367
30 1322
31 253
32 271
33 512
34 293
35 301
36 303
37 967
38 1037
39 332
40 376
41 445 643
42 787
43 449
44 543
45 905 943 1939 2021
46 579
47 584
48 716
49 699
50 595
51 603
52 604
53 1235
54 614
55 637
56 696
57 778
58 801
59 812
60 830
61 856
62 857
63 953
64 1762 1369
65 1572
66 1148
67 1166
68 1219
69 1244
70 1252
71 1318
72 1360
73 1393
74 1452
75 1509
76 1525
77 1546
78 1643
79 1694
80 1704
81 1723
82 1731
83 1784
84 1840
85 1849
86 1865
87 1898
88 1944
89 2151
90 2612
91 507
92 534
93 98 134
94 161
95 278
96 28
97 150 198
98 46
99 111
100 106
101 112 221
102 84 116
103 216
104 586
105 15
106 1630
107 1
108 12
109 38
110 39
111 2
112 26
113 180
114 47
115 30
116 237
117 118
118 141
119 163
120 302
121 498
122 566
123 1197
124 1524
125 62 238
126 113
127 241
128 3
129 1764
130 40
131 13
132 70
133 42
134 380
135 136
136 1828 775
137 1211 109
138 403 170
139 188
140 326
141 129
142 486
143 1269
144 114
145 73
146 1333
147 88
148 190
149 165
150 187 472
151 465 560
152 387
153 978
154 1230 1477
155 474
156 533
157 567
158 981 1553
159 4
160 5
161 81
162 16
163 71
164 32
165 143 273
166 27
167 1750
168 86
169 206
170 181
171 164
172 2751
173 1451
174 270
175 1294
176 2092
177 1284
178 1459
179 1431
180 1342
181 2631
182 2658
183 1862 950
184 2627
185 2259
186 2648
187 6
188 7
189 41
190 58
191 52
192 77
193 1718
194 1922
195 2124 2484
196 1834
197 1907
198 1730
199 1720
200 2201
201 8
202 82
203 9
204 24
205 411 963
206 10 149
207 48
208 57
209 11
210 2399
211 2619
212 2360
213 215
214 1080
215 353
216 210
217 869
218 986
219 621 707 846 1394
220 763 898 1032 1081 1245 1363 1470 1619
221 937
222 668
223 669
224 1334 1384 1430 2070
225 889
226 502 1693
227 514
228 562
229 536 569 759 1134 1208
230 1753 1795 1842
231 719 745 910 932 1216 1352
232 481
233 523
234 769 1218
235 485
236 491 594
237 878
238 537
239 711
240 627
241 771 708
242 709
243 741 1277
244 817
245 836
246 1490
247 998
248 1661
249 1109
250 1144
251 1286
252 1610
253 1776
254 1478
255 2208
256 1488
257 1547
258 1732
259 1626
260 1638
261 1713
262 1716
263 2205
264 2074
265 14
266 54
267 45
268 96
269 17
270 18
271 599
272 750
273 274
274 198 150
275 220
276 238 62
277 839
278 436
279 201
280 168
281 538
282 203
283 257
284 133
285 159 228 230 428 1073 1241
286 182
287 887 426
288 195
289 233
290 307
291 780 813 1026 1220 1475
292 1094
293 377
294 19
295 49
296 20
297 37
298 36
299 51
300 53
301 64
302 65
303 68
304 33
305 87
306 137
307 72
308 21
309 171
310 120
311 22
312 23
313 775 1828
314 655 829
315 690
316 628
317 607
318 816
319 531
320 784
321 1371
322 630
323 700
324 710
325 756
326 831
327 1214
328 1457
329 78
330 914
331 954
332 1020
333 176
334 240
335 109 1211
336 1387
337 356 340
338 92
339 335
340 246
341 295
342 329
343 1204
344 1196
345 2118
346 25
347 305 790
348 602
349 158
350 170 403 440 470
351 184
352 186
353 707 621
354 620
355 623
356 340 356
357 395
358 286
359 670
360 298
361 333 371 406 654 871 1091
362 359
363 122
364 476 641
365 167
366 140 151
367 218 249 318
368 212
369 200
370 475
371 1331
372 334
373 245
374 119 350
375 189
376 173
377 175
378 412
379 980
380 493
381 242
382 672 725
383 820
384 316
385 2482 2618
386 328
387 291
388 424
389 347 321
390 352 427
391 490
392 327
393 505
394 368
395 402
396 405
397 422
398 1367 564
399 920
400 608 712 737
401 671
402 518
403 519
404 527
405 577
406 590
407 597
408 606
409 673 735 1022
410 642
411 666
412 656
413 657
414 687
415 729
416 732
417 1098
418 1330
419 1224
420 1332
421 2150
422 2493
423 2507
424 1499
425 29
426 56
427 43
428 300 231
429 461
430 152
431 66
432 864
433 346
434 330
435 810
436 955
437 469
438 299
439 798
440 252
441 282
442 796
443 1805
444 1438
445 319
446 848
447 898 763
448 1091 333
449 361
450 460
451 760
452 1074
453 1168
454 239
455 1362
456 1650 1364
457 1861
458 1521
459 2316 2563
460 1520
461 828
462 876 959 1198 1873 2032 2042 2204 2333 2343
463 1110
464 1727
465 2161 705
466 767
467 962
468 1119
469 264
470 1044 1375 2202 2525
471 2010
472 2494
473 971
474 928 1150
475 956
476 841 868 1273
477 979
478 415
479 782 660
480 425
481 1383
482 448
483 462
484 1648 976
485 1138 1049
486 2162
487 1616
488 2054 1165
489 1436
490 702
491 1248
492 1757
493 1063
494 635
495 1687
496 899 1449 2079
497 1833 2404 2535 2567 2608
498 2541
499 2126 1987
500 825 823
501 1076
502 854
503 872
504 900
505 912
506 918
507 923 1013 1176 2281
508 1841
509 946
510 951 1728
511 1038
512 970
513 996
514 1009
515 1015
516 1250 1285 1380 1680 2003 2034 2055 2093 2193 2324 2340 2660 2682
517 1598 1895
518 1048
519 1206
520 1106
521 1146 1301
522 1153
523 1118
524 1268 1222
525 1121
526 1664
527 1141
528 2594 2328
529 1195
530 1310
531 1474 1522
532 1236
533 1439 1573 1760 2533
534 2730
535 1303
536 1338
537 1341
538 1372
539 1817
540 1456 1472
541 1460
542 1485
543 1516
544 1749 1988 2096
545 1871
546 1636
547 1652
548 1678
549 2725
550 1803
551 1748
552 1775
553 1890
554 1978 2102
555 1831
556 1933
557 2646
558 1875
559 1926
560 2019 2082 2320
561 2007
562 2037
563 2165
564 2329
565 2511
566 2613
567 2716
568 2590
569 2498 2532
570 2668
571 2673
572 2623
573 2669
574 2686
575 34
576 35
577 59
578 107
579 80
580 197
581 432
582 394 482
583 441
584 430
585 648
586 477 755
587 348 497
588 355
589 447
590 431
591 438
592 451
593 665
594 1386
595 435
596 948
597 866
598 1257
599 873
600 624
601 573
602 832
603 1160
604 44
605 575
606 144
607 90
608 76
609 1159
610 273 143
611 153
612 91
613 105
614 102
615 174
616 311
617 860
618 930
619 908
620 1815
621 1568
622 55
623 139
624 60
625 938
626 61
627 416 446 1673
628 193
629 487
630 744
631 101
632 97
633 95
634 715
635 179
636 369
637 130
638 103
639 123
640 169
641 67
642 162
643 147
644 75
645 115
646 135
647 172
648 211
649 85
650 69
651 213
652 227
653 194
654 312
655 318 218
656 79
657 202
658 232
659 730
660 208
661 225
662 229
663 207
664 117
665 297
666 74
667 108
668 1053
669 320
670 287
671 1335
672 1254
673 1576
674 1430 1334
675 1364 1650 1733 1985 2039
676 936
677 1941
678 1465
679 1455 2226
680 1444
681 1349
682 1274 1418 1480
683 1483 1523
684 1424
685 1409
686 2008
687 2045 2017
688 1881
689 1494
690 1426 1448
691 1416 1721 1851 2000 2089 2130
692 1355
693 1403
694 1354
695 1882
696 1934 2220
697 1906
698 1658
699 2005
700 1885
701 1952
702 1981
703 2020
704 2048
705 2154
706 2731
707 2562
708 83
709 289
710 89
711 1077
712 680
713 757
714 2569
715 341
716 556
717 93
718 1692
719 1915
720 1464
721 338
722 1758 464
723 473
724 545
725 661
726 1557
727 1824 2050
728 94
729 2325
730 2611
731 2733
732 2439
733 2481
734 110
735 99
736 258
737 251 261 408
738 385
739 541
740 362
741 471
742 434
743 100
744 248
745 349
746 2363 2297
747 269
748 199
749 877 390
750 262
751 268
752 277
753 420 525
754 510
755 357 803
756 360
757 2379
758 1566
759 1820
760 2513
761 104
762 2212
763 2213
764 2358 2465
765 364
766 792
767 2331
768 2443
769 1970
770 183
771 2036
772 363
773 132
774 1172 2276
775 2394 1968
776 365 488 1699
777 366
778 1587
779 726
780 1777
781 781
782 2272 2534
783 2335
784 1734 2266
785 1755
786 2392
787 2235
788 2477
789 2338
790 2460
791 2403
792 2435
793 2458 2459
794 2538
795 2548
796 2574
797 2588
798 2592
799 121
800 1376
801 2748
802 2614 1918
803 1264
804 2090 2350
805 2191 2330
806 2132
807 2414
808 1672
809 2134
810 1949 2101
811 2384
812 2521
813 2555
814 124
815 1682
816 125
817 2735 867
818 131
819 126
820 127
821 128
822 142
823 138
824 315
825 145
826 192
827 2156
828 228 159
829 994
830 160
831 324
832 146
833 148
834 508
835 370
836 279
837 304
838 777
839 1644
840 1008
841 157
842 155
843 156
844 1104
845 733
846 1021
847 1435
848 1808
849 267
850 247 265
851 354
852 219
853 292
854 1178 166
855 205
856 2700
857 788
858 959 876
859 893
860 2644
861 2297 2363
862 1918 2219 2564 2614
863 1893
864 2311
865 1910
866 867 2735
867 807
868 1171 1388 1466 2211 2307
869 1767
870 1413 844
871 1381
872 1345
873 2302
874 2490
875 2078 2103 2271 2547
876 1581
877 2295
878 2294 1429
879 1072
880 1702
881 1154
882 2466
883 847
884 2372
885 1202 1542
886 995
887 1527 2013 2310 2441
888 1942
889 1356
890 2290
891 1497
892 1558
893 1578
894 1618
895 2293 2319
896 1811
897 1848
898 2486 2649 2674
899 1947 1951
900 2419
901 2108
902 2225
903 2243 2630
904 2268
905 2269
906 2323
907 2514
908 2437
909 2546
910 2616
911 886
912 881
913 1960
914 894
915 177
916 178
917 372
918 1392
919 1724
920 185
921 472 187
922 569 536
923 639
924 636
925 611 647 1309
926 705 1508 1583 2161 2229
927 703
928 2065
929 1466 1171
930 904
931 1976 794
932 583
933 522
934 1463
935 768
936 1358
937 2238
938 580
939 686
940 601 626 1185 1421 2570 2572
941 2464 2056
942 609
943 1544
944 644
945 692
946 765
947 734
948 721 1194
949 2004
950 811
951 958
952 1507 2322 2640
953 2206 2233
954 1054
955 1061
956 1161
957 1249
958 2068 2199
959 1389
960 1379
961 1471
962 1500
963 1554
964 1657
965 2670
966 1863
967 2346
968 2053
969 2083
970 2173
971 2245
972 2284
973 2694
974 2353
975 2422
976 2680
977 191
978 426 887 891
979 1055
980 1199
981 196
982 1234
983 209
984 214
985 217
986 480
987 222
988 339
989 1412
990 2148
991 638
992 390 877 1229 2492
993 234
994 223
995 844 1024 1174 1413 1635 1914 1990 2122 2258 2260
996 553
997 1191 1089
998 1592 2315 2367 2402 2488
999 2304
1000 835 947 1637 1668 1717 1766 1773 2446 2528
1001 455
1002 1689
1003 373
1004 1845
1005 1588 1597 1837 1858 1903 1911
1006 1565
1007 2359
1008 1958
1009 1255 1233
1010 605
1011 2071
1012 698
1013 814 863
1014 1563 897
1015 1034
1016 1177 1340 1462 1880
1017 1181
1018 961
1019 1012
1020 1060
1021 1083
1022 2280
1023 1242
1024 1265
1025 1290
1026 1473
1027 2143
1028 1510
1029 1517
1030 1543
1031 1556
1032 1809
1033 1677 1710 2491 2738
1034 1888
1035 1921 1927
1036 1928
1037 1948
1038 1961
1039 1975
1040 2158
1041 2314
1042 2318 2425
1043 2509 2711
1044 224
1045 285
1046 260
1047 259
1048 226
1049 235
1050 640
1051 585
1052 317
1053 450
1054 1149 1163 1304
1055 236
1056 1282
1057 401
1058 1262
1059 1297
1060 288
1061 308
1062 515
1063 1325
1064 1350
1065 1654
1066 1314
1067 1307
1068 1225
1069 1467
1070 1089 1191 1237 1275
1071 1152
1072 2484 2124
1073 2641
1074 2488 1592
1075 1504
1076 1514
1077 1649
1078 2305
1079 2356 2317
1080 492
1081 797
1082 1162
1083 2489
1084 1781
1085 1795 1753
1086 1375 1044
1087 2226 1455
1088 2739
1089 1968 2264 2394
1090 794 1976 2100 2182 2192 2248 2536 2609
1091 244
1092 1769
1093 1966 1739
1094 2077
1095 663
1096 2164 2303
1097 2577 2408
1098 1016 2141
1099 2009 2222
1100 2073 2075 2179 2249
1101 1793
1102 2432
1103 2106
1104 2299
1105 1838
1106 2473 2369
1107 2086
1108 2185 2189
1109 2241
1110 2500
1111 2401
1112 2683 2587
1113 2474
1114 2479
1115 2520
1116 2744
1117 2722
1118 2504
1119 2026
1120 1857
1121 2550
1122 2659
1123 2607
1124 2625
1125 263
1126 250
1127 255
1128 337
1129 256
1130 758
1131 1323
1132 280
1133 272
1134 276
1135 589
1136 345
1137 331
1138 281
1139 525 420
1140 2350 2090
1141 618
1142 2103 2078
1143 2214
1144 1668 835
1145 2256
1146 1263
1147 2072
1148 439
1149 296
1150 762
1151 1039
1152 1082 989
1153 761
1154 2263
1155 1122
1156 1133
1157 1317
1158 1299
1159 1505
1160 1530
1161 1938
1162 2275
1163 2313
1164 2312
1165 494
1166 283
1167 290
1168 284
1169 314
1170 728
1171 1482
1172 294
1173 310
1174 576
1175 459
1176 625
1177 1570
1178 925
1179 1377
1180 306
1181 351
1182 819
1183 753
1184 454
1185 1101
1186 773
1187 774
1188 504
1189 309
1190 313
1191 501
1192 560 465
1193 419
1194 466
1195 910 719
1196 506
1197 423
1198 321 347 397 407 478 489 520 558 631 645 723
1199 404
1200 427 352
1201 443
1202 400
1203 549
1204 496
1205 375
1206 417
1207 396
1208 563 838
1209 444
1210 383
1211 399
1212 374
1213 1519
1214 1179 902
1215 499
1216 634
1217 528 542
1218 544
1219 1549 1137
1220 547
1221 535
1222 559
1223 895
1224 1396
1225 874
1226 879
1227 1533
1228 1270
1229 1128
1230 1442
1231 1408
1232 1751
1233 322
1234 323
1235 421
1236 325
1237 1469
1238 1213
1239 342
1240 1651
1241 813 780
1242 1007
1243 803 357
1244 2330 2191
1245 667
1246 1246
1247 855 975
1248 968
1249 1033
1250 1062
1251 2024
1252 1210
1253 2063
1254 1501
1255 2133
1256 358
1257 495
1258 386
1259 388
1260 392
1261 393
1262 391
1263 433
1264 1370
1265 1279
1266 378
1267 1532
1268 1328 2216
1269 2277
1270 379
1271 1719
1272 468
1273 2286
1274 1943
1275 1117
1276 2349 2549
1277 1156
1278 1759
1279 2016
1280 1477 1230
1281 933
1282 1347
1283 1223
1284 381
1285 1353
1286 944
1287 1468 896
1288 1070
1289 991 983
1290 1441
1291 1415
1292 1288
1293 384
1294 1853
1295 389
1296 398
1297 612
1298 409
1299 410
1300 413
1301 789
1302 414
1303 1075
1304 1157
1305 418 984 1561
1306 1837 1588
1307 2426
1308 989 1082
1309 1336
1310 1031 1043
1311 1397 1606
1312 1292
1313 1090
1314 1143
1315 1145
1316 1324
1317 1365
1318 1584
1319 1586
1320 1674
1321 1785
1322 1945
1323 1956
1324 1986
1325 1440
1326 1218 769
1327 484
1328 1423
1329 564 1367
1330 660 782 799 842 852 901 957 1232 1266 1382 1623 1631 1711 1714 1799
1331 791
1332 766
1333 1771
1334 1418 1274
1335 464 1758
1336 1746
1337 902 931 1179 1564
1338 896 913 1468
1339 833
1340 880
1341 1534
1342 1539
1343 941
1344 1182
1345 746
1346 779
1347 921
1348 818
1349 849
1350 903
1351 909
1352 916
1353 990
1354 1313 1495
1355 1400 1827
1356 1385
1357 1782
1358 429
1359 452
1360 689
1361 786
1362 453
1363 456
1364 1348
1365 1479
1366 2215
1367 457
1368 467
1369 463
1370 1207
1371 688
1372 2531
1373 924
1374 1312
1375 1321
1376 976 1648
1377 594 491
1378 752
1379 694
1380 714
1381 1276
1382 717
1383 649
1384 751
1385 568
1386 934
1387 1407
1388 548
1389 557
1390 565
1391 822
1392 713
1393 701
1394 1790
1395 1390
1396 546
1397 509
1398 1538
1399 1127
1400 1523 1483
1401 1536
1402 542 528
1403 511
1404 1529
1405 1518
1406 1136
1407 1105
1408 972
1409 1112
1410 1097
1411 1116
1412 1139
1413 1528
1414 513
1415 1183 1458 1615 1819 2081
1416 1049 1138 1147 1240 1343 1868 1889 1984 2044 2058 2098 2147 2167 2622
1417 1747
1418 1344
1419 619
1420 676
1421 1454
1422 1531
1423 2184
1424 2405
1425 2176
1426 1429 2294 2301 2579
1427 1188 1787
1428 626 601
1429 890
1430 1739 1946 1966 2027 2084 2157 2287 2463 2615
1431 2647
1432 1818
1433 2283
1434 1738
1435 1137 1549
1436 517
1437 1123
1438 1018
1439 587
1440 1816
1441 1125
1442 516
1443 588 1052 1825 1962 2076 2112 2196
1444 529
1445 1548 2341
1446 616
1447 1904
1448 1251
1449 1787 1188
1450 2253
1451 2578 2636 2727
1452 2062
1453 1019
1454 2261
1455 1996 2001 2057 2198 2300 2526
1456 2129
1457 1503 1801 1847 2142 2170
1458 1115
1459 1130
1460 1151
1461 1315
1462 1496
1463 1591
1464 1410
1465 1432
1466 1433 1804
1467 1461
1468 1957
1469 1979
1470 1666
1471 2516
1472 1700
1473 1741
1474 2472 1897
1475 1783
1476 1800
1477 2344
1478 2209
1479 2267 2342 2345 2365 2393 2398 2409 2413 2430 2510 2527 2530 2651 2654 2679 2690
1480 2438
1481 2366
1482 2689
1483 2417
1484 2664
1485 1971
1486 2121
1487 2127
1488 2387
1489 2119
1490 2138
1491 2449
1492 2296
1493 2262
1494 2308
1495 2737
1496 2573
1497 2598 2637 2703
1498 2721 2724
1499 521
1500 524
1501 1802
1502 1003
1503 2056 2464 2632
1504 985
1505 1000
1506 1807
1507 1686
1508 845
1509 526
1510 530
1511 532
1512 539
1513 540
1514 551
1515 550
1516 552
1517 554
1518 555
1519 804
1520 561
1521 1233 1255
1522 1391
1523 1346
1524 2021 905
1525 1506
1526 570
1527 837
1528 1872
1529 571
1530 572
1531 942
1532 1298
1533 1165 2054
1534 1359
1535 1189
1536 574
1537 1221
1538 1209
1539 2255
1540 578
1541 581
1542 1366
1543 582
1544 591
1545 592
1546 926
1547 722
1548 1425
1549 593
1550 596
1551 598
1552 1256
1553 600
1554 610
1555 977
1556 1022 673
1557 1173
1558 1069
1559 1187
1560 613
1561 617
1562 629
1563 622
1564 824
1565 808
1566 1096
1567 1258
1568 1780
1569 858
1570 632
1571 633
1572 679
1573 802
1574 1602
1575 650
1576 682
1577 718
1578 651
1579 652
1580 1023
1581 658
1582 736
1583 1821
1584 659
1585 739
1586 662
1587 754 764 859
1588 1002
1589 785
1590 664
1591 969
1592 674
1593 675
1594 677
1595 678
1596 683
1597 681
1598 684
1599 685
1600 691
1601 693
1602 695
1603 965
1604 1215
1605 697
1606 704
1607 708 771
1608 706
1609 770
1610 720
1611 1449 899
1612 2327
1613 2303 2164
1614 875
1615 1627
1616 1655
1617 2471 2544
1618 2719
1619 2628
1620 2685
1621 2022 2172
1622 2190
1623 2274
1624 2386
1625 2006
1626 2388
1627 2602
1628 2404 1833
1629 2717
1630 2408 2577
1631 2411
1632 2727 2578
1633 2698
1634 2576
1635 2391
1636 1856
1637 2406 2559 2663
1638 2373
1639 2389
1640 2370
1641 2677
1642 2410
1643 2461 2540 2606
1644 2456
1645 2726
1646 2462
1647 2470
1648 2542
1649 2704
1650 2740
1651 2699
1652 724
1653 1980
1654 1987 2126
1655 2002
1656 1989
1657 1969
1658 727 1010
1659 1017
1660 1577
1661 731
1662 988
1663 738
1664 922
1665 740
1666 742
1667 747
1668 919
1669 2069
1670 1327
1671 1402
1672 1422
1673 2483
1674 748
1675 1963
1676 749
1677 772
1678 783
1679 776
1680 843
1681 793
1682 795
1683 800
1684 823 825 888
1685 826
1686 805
1687 806
1688 840
1689 863 814
1690 861
1691 974
1692 827
1693 862
1694 1085
1695 1756
1696 815
1697 1540
1698 821
1699 2600
1700 1296
1701 850
1702 851
1703 853
1704 1283
1705 2695
1706 2705
1707 865
1708 897 1563 1900 2309
1709 1612
1710 892
1711 2321
1712 1226
1713 1175
1714 2455
1715 1832
1716 1850
1717 870
1718 882
1719 883
1720 907
1721 884
1722 885
1723 906
1724 911
1725 1184
1726 1929
1727 1964
1728 915
1729 1108
1730 1877
1731 1231
1732 2251
1733 1046
1734 1368
1735 1067
1736 1065
1737 1124
1738 1193
1739 1404
1740 1428
1741 1765
1742 2091
1743 2502
1744 917
1745 1553 981
1746 1306
1747 987
1748 997
1749 1641
1750 927
1751 929
1752 1278
1753 935
1754 939
1755 940
1756 2418
1757 2591
1758 2431
1759 1901
1760 2601
1761 1059
1762 1167
1763 1071
1764 1542 1202
1765 1135
1766 1792
1767 2709
1768 1084
1769 1437
1770 1446
1771 1879
1772 973
1773 945
1774 1326
1775 949
1776 1228
1777 2661
1778 2228
1779 1728 951
1780 2224
1781 2376
1782 2278
1783 2650
1784 1645
1785 1701
1786 1761
1787 2423
1788 2180
1789 2706
1790 952
1791 960
1792 2506
1793 2041
1794 1913
1795 2163
1796 2428
1797 1869
1798 2551 2218
1799 2237
1800 1932
1801 2099
1802 2177
1803 964
1804 966
1805 982
1806 1030
1807 1001
1808 2469
1809 993
1810 983 991 1045
1811 992
1812 999
1813 1552
1814 1300
1815 1004
1816 1369 1762 1822 1977
1817 1005
1818 1006
1819 1011
1820 1014
1821 2586
1822 2140
1823 1285 1250
1824 2348
1825 2017 2045 2519
1826 1596
1827 2013 1527
1828 2524
1829 2141 1016
1830 2549 2349
1831 2028
1832 2200
1833 2691
1834 2380
1835 2060
1836 1028
1837 2566
1838 2451
1839 1113
1840 1896
1841 2195
1842 1295
1843 2210
1844 2061
1845 1993
1846 1737
1847 1707
1848 1709
1849 1812
1850 2153
1851 2445
1852 2337
1853 2052
1854 2066
1855 2326
1856 2166
1857 2207
1858 2254
1859 2517 2382
1860 2447
1861 2429
1862 2708
1863 2512
1864 2523
1865 2552
1866 2554
1867 2707
1868 1025
1869 1027
1870 1029
1871 1035
1872 1036
1873 2023
1874 2629
1875 1040
1876 1041
1877 1042
1878 1047
1879 2222 2009
1880 2172 2022
1881 2239
1882 1706
1883 2168
1884 1142 1205 1401 1450 1696
1885 1050
1886 1374
1887 1051
1888 1056
1889 1057
1890 1058
1891 1064
1892 1066
1893 1068
1894 1120
1895 1103
1896 1078
1897 1227
1898 1086
1899 1308
1900 1087
1901 1088
1902 1095
1903 1099
1904 1093
1905 1092
1906 1492
1907 1100
1908 1339
1909 2174
1910 1311
1911 1305
1912 1217
1913 1102
1914 1200
1915 1107
1916 1111
1917 1114
1918 1222 1268 1634
1919 1511
1920 1414
1921 1493
1922 1605
1923 1170
1924 2025
1925 1443
1926 1607
1927 1502
1928 1620
1929 1646
1930 1126
1931 1647
1932 1621
1933 2434
1934 1131
1935 1140
1936 1291
1937 2415
1938 1155
1939 1158
1940 1164
1941 1169
1942 1180
1943 1186
1944 1190
1945 2364
1946 2328 2594
1947 1192
1948 2117
1949 1886
1950 1201
1951 1203
1952 1243
1953 1212
1954 1271
1955 1448 1426
1956 1609
1957 1515
1958 1487
1959 1238
1960 1239
1961 1247
1962 1253
1963 1695
1964 1887
1965 1259
1966 1613
1967 1260
1968 1261
1969 1267
1970 1272
1971 2059
1972 1411
1973 1772
1974 2000 1416
1975 2242
1976 2249 2073
1977 1427
1978 1954
1979 1498
1980 1770
1981 2043
1982 2234
1983 1280
1984 1281
1985 1287
1986 1814
1987 2561
1988 2545
1989 2218 2551
1990 2040
1991 2381
1992 2496
1993 2556
1994 1289
1995 1293
1996 1361
1997 1302
1998 1486
1999 1319
2000 1320
2001 1329
2002 1337
2003 1351
2004 2672
2005 1357
2006 1373
2007 1378
2008 2745
2009 1395
2010 1398
2011 1399
2012 1405
2013 1406
2014 1417
2015 1419
2016 1420
2017 1447
2018 1434
2019 1445
2020 1453
2021 1836
2022 1688
2023 1476
2024 2160
2025 1481
2026 1484
2027 1489
2028 1491
2029 1908
2030 1916
2031 1512
2032 1513
2033 1594
2034 1614
2035 1526
2036 1535
2037 1537
2038 2273
2039 2252
2040 2113
2041 1559
2042 1912
2043 2125
2044 1541
2045 1545
2046 1633
2047 1550
2048 1551
2049 1555
2050 1560
2051 1562
2052 1567
2053 1569
2054 1571
2055 1574
2056 1575
2057 2433
2058 1579
2059 1580
2060 1582
2061 1585
2062 1589
2063 1590
2064 2094
2065 1593
2066 1788
2067 2038
2068 1595
2069 1599
2070 1600
2071 1601
2072 1629
2073 1603
2074 1604
2075 1608
2076 1744
2077 1611
2078 1617
2079 2131
2080 1710 1677
2081 1974
2082 1736 2064
2083 2518
2084 1909
2085 2067
2086 1768
2087 1874
2088 1988 1749
2089 1791
2090 2231
2091 1622
2092 1983
2093 2197
2094 1624
2095 1625
2096 1628
2097 1632
2098 1639
2099 1640
2100 2347
2101 1642
2102 1653
2103 1681
2104 1656
2105 2159
2106 1659
2107 1662
2108 1663
2109 1665
2110 2015
2111 1852
2112 1667
2113 1669
2114 1670
2115 1671
2116 1685
2117 1675
2118 2440
2119 1676
2120 1679
2121 1683
2122 1684
2123 1774
2124 1690
2125 1691
2126 2584
2127 2152
2128 2442
2129 2620
2130 2652
2131 1697
2132 2444
2133 2688
2134 2351
2135 2666
2136 2610
2137 1698
2138 1703
2139 1705
2140 1708
2141 1712
2142 1715
2143 1722
2144 1839
2145 1725
2146 1726
2147 1729
2148 1735
2149 2149
2150 2029
2151 2155
2152 1740
2153 1743
2154 1745
2155 1752
2156 1754
2157 2583
2158 2319 2293
2159 1897 2472 2553
2160 2558
2161 1876
2162 2171
2163 2175
2164 2390
2165 2453
2166 2702
2167 2581
2168 2684
2169 1763
2170 2230
2171 1829
2172 2501
2173 2412
2174 2454
2175 1778
2176 1779
2177 1786
2178 1789
2179 1794
2180 1796
2181 1797
2182 1798
2183 1810
2184 1813
2185 1823
2186 1826
2187 1830
2188 1835
2189 1843
2190 1844
2191 1846
2192 1854
2193 1855
2194 1859
2195 1860
2196 1866
2197 1867
2198 1870
2199 2624
2200 2649 2486
2201 2635
2202 2369 2473
2203 2371
2204 2345 2267
2205 2396
2206 2378
2207 2416
2208 2657
2209 2354
2210 2436
2211 2452
2212 2565
2213 2734 2687
2214 2621
2215 1878
2216 1883
2217 1884
2218 2508
2219 1891
2220 1892
2221 1894
2222 1899
2223 2104
2224 1902
2225 1905
2226 1917
2227 1919
2228 1920
2229 1923
2230 1924
2231 2014
2232 2298
2233 1925
2234 2116
2235 2188
2236 1930
2237 1931
2238 2128
2239 1935
2240 2082 2019
2241 1999
2242 2123
2243 1937
2244 2080
2245 2223
2246 2292
2247 2135
2248 1936
2249 1940
2250 2097
2251 2115
2252 2046
2253 2033
2254 1950
2255 1953
2256 2030
2257 1955
2258 1959
2259 2012
2260 1965
2261 1972
2262 2247
2263 1967
2264 1973
2265 1982
2266 1991
2267 1992
2268 1997
2269 1994
2270 2047
2271 1995
2272 2265
2273 2407
2274 1998
2275 2221
2276 2011
2277 2250
2278 2468
2279 2018
2280 2031
2281 2035
2282 2049
2283 2051
2284 2478
2285 2088
2286 2105
2287 2529
2288 2095
2289 2114
2290 2085
2291 2109
2292 2400
2293 2087
2294 2232
2295 2107
2296 2110
2297 2111
2298 2120
2299 2136
2300 2137
2301 2139
2302 2144
2303 2169
2304 2145
2305 2181
2306 2146
2307 2178
2308 2183
2309 2186
2310 2187
2311 2194
2312 2203
2313 2217
2314 2227
2315 2236
2316 2665
2317 2240
2318 2282
2319 2557
2320 2604
2321 2732
2322 2543
2323 2515
2324 2244
2325 2246
2326 2257
2327 2270
2328 2279
2329 2285
2330 2288
2331 2289
2332 2291
2333 2306
2334 2626
2335 2642
2336 2710
2337 2317 2356
2338 2334
2339 2427
2340 2375
2341 2339
2342 2485
2343 2752
2344 2332
2345 2336
2346 2711 2509
2347 2377
2348 2728
2349 2382 2517
2350 2374
2351 2421
2352 2723
2353 2352
2354 2595
2355 2499
2356 2522
2357 2355
2358 2357
2359 2361
2360 2362
2361 2368
2362 2383
2363 2385
2364 2729
2365 2395
2366 2397
2367 2503
2368 2487
2369 2653
2370 2655
2371 2457
2372 2448
2373 2420
2374 2424
2375 2605
2376 2676
2377 2587 2683
2378 2645
2379 2497
2380 2606 2461
2381 2633
2382 2747
2383 2639
2384 2505
2385 2675 2701
2386 2714
2387 2617
2388 2450
2389 2467
2390 2475
2391 2476
2392 2480
2393 2495
2394 2537
2395 2539
2396 2575
2397 2593
2398 2571
2399 2662
2400 2697
2401 2560
2402 2568
2403 2720
2404 2687 2734
2405 2634
2406 2667
2407 2693
2408 2585
2409 2580
2410 2582
2411 2746
2412 2589
2413 2597
2414 2596
2415 2599
2416 2603
2417 2643
2418 2638
2419 2749
2420 2736
2421 2743
2422 2678
2423 2713
2424 2656
2425 2671
2426 2681
2427 2692
2428 2754
2429 2696
2430 2712
2431 2715
2432 2718
2433 2741
2434 2742
2435 2750
2436 2753
