0 863 264
0 864 49
0 865 6
863 2914 264
864 2915 49
865 2916 6
1 866 19
1 867 6
866 2917 19
867 2918 6
2 868 88
2 869 18
2 870 7
868 2919 88
869 2920 18
870 2921 7
3 871 41
3 872 5
871 2922 41
872 2923 5
4 873 22
4 874 15
4 875 10
4 876 9
4 877 7
4 878 5
873 2924 22
874 2925 15
875 2926 10
876 2927 9
877 2928 7
878 2929 5
5 879 8
5 880 5
879 2930 8
880 2931 5
6 881 29
6 882 9
6 883 8
881 2914 29
882 2932 9
883 2933 8
7 884 7
7 885 5
7 886 5
884 2934 7
885 2935 5
886 2914 5
8 887 12
8 888 7
8 889 5
887 2936 12
888 2937 7
889 2938 5
9 890 15
9 891 15
9 892 8
9 893 7
890 2939 15
891 2914 15
892 2940 8
893 2941 7
10 894 81
10 895 46
10 896 31
10 897 8
894 2917 81
895 2914 46
896 2940 31
897 2942 8
11 898 8
11 899 6
898 2931 8
899 2943 6
12 900 105
12 901 77
12 902 57
12 903 18
12 904 9
12 905 9
12 906 7
12 907 6
900 2944 105
901 2920 77
902 2945 57
903 2946 18
904 2947 9
905 2936 9
906 2934 7
907 2948 6
13 908 23
13 909 8
908 2949 23
909 2934 8
14 910 107
14 911 44
14 912 22
14 913 22
14 914 15
14 915 15
14 916 7
910 2950 107
911 2931 44
912 2914 22
913 2951 22
914 2921 15
915 2952 15
916 2916 7
15 917 14
15 918 11
15 919 10
15 920 6
917 2953 14
918 2954 11
919 2955 10
920 2956 6
16 921 26
16 922 22
16 923 12
16 924 11
921 2957 26
922 2958 22
923 2959 12
924 2934 11
17 925 14
17 926 12
17 927 10
925 2960 14
926 2961 12
927 2962 10
18 928 22
18 929 17
18 930 11
18 931 5
928 2963 22
929 2964 17
930 2965 11
931 2966 5
19 932 14
19 933 5
932 2950 14
933 2967 5
20 934 12
20 935 5
934 2968 12
935 2969 5
21 936 15
21 937 12
936 2970 15
937 2971 12
22 938 34
22 939 19
22 940 8
22 941 5
938 2948 34
939 2972 19
940 2973 8
941 2974 5
23 942 6
23 943 5
942 2941 6
943 2975 5
24 944 7
24 945 5
944 2976 7
945 2977 5
25 946 7
25 947 7
25 948 5
946 2978 7
947 2937 7
948 2979 5
26 949 10
26 950 7
949 2980 10
950 2981 7
27 951 24
27 952 14
951 2982 24
952 2983 14
28 953 18
28 954 10
953 2948 18
954 2984 10
29 955 37
29 956 12
29 957 7
29 958 5
955 2985 37
956 2986 12
957 2987 7
958 2988 5
30 959 8
30 960 5
959 2989 8
960 2964 5
31 961 7
31 962 6
961 2990 7
962 2991 6
32 963 9
32 964 7
963 2992 9
964 2993 7
33 965 48
33 966 25
33 967 12
33 968 7
965 2961 48
966 2937 25
967 2941 12
968 2994 7
34 969 11
34 970 8
969 2995 11
970 2996 8
35 971 236
35 972 15
35 973 8
971 2997 236
972 2998 15
973 2999 8
36 974 5
36 975 5
974 3000 5
975 2989 5
37 976 11
37 977 5
976 3001 11
977 2971 5
38 978 8
38 979 7
978 3002 8
979 3003 7
39 980 13
39 981 11
980 3004 13
981 2998 11
40 982 15
40 983 6
982 3005 15
983 2992 6
41 984 9
41 985 6
984 3006 9
985 2941 6
42 986 8
42 987 5
42 988 5
986 3007 8
987 3008 5
988 3009 5
43 989 15
43 990 12
43 991 5
989 3010 15
990 2938 12
991 2991 5
44 992 7
44 993 6
44 994 5
992 2931 7
993 2941 6
994 2943 5
45 995 8
45 996 7
995 3007 8
996 3011 7
46 997 17
46 998 12
46 999 5
46 1000 5
997 2991 17
998 3012 12
999 3013 5
1000 3014 5
47 1001 10
47 1002 9
47 1003 8
1001 3015 10
1002 2937 9
1003 3016 8
48 1004 8
48 1005 5
1004 3017 8
1005 2973 5
49 1006 16
49 1007 5
1006 2931 16
1007 3018 5
50 1008 6
50 1009 6
1008 2914 6
1009 3019 6
51 1010 11
51 1011 10
51 1012 6
1010 2931 11
1011 3020 10
1012 2948 6
52 1013 38
52 1014 16
52 1015 5
1013 2914 38
1014 2999 16
1015 3021 5
53 1016 8
53 1017 7
1016 2931 8
1017 3015 7
54 1018 13
54 1019 10
1018 3022 13
1019 3003 10
55 1020 18
55 1021 5
1020 3023 18
1021 3003 5
56 1022 13
56 1023 10
56 1024 7
56 1025 5
56 1026 5
1022 3023 13
1023 3012 10
1024 3024 7
1025 3025 5
1026 3026 5
57 1027 9
57 1028 5
1027 3027 9
1028 2941 5
58 1029 24
58 1030 8
58 1031 7
1029 3028 24
1030 3029 8
1031 2914 7
59 1032 12
59 1033 10
59 1034 5
1032 3030 12
1033 3031 10
1034 3032 5
60 1035 6
60 1036 5
1035 2931 6
1036 3019 5
61 1037 9
61 1038 8
61 1039 6
1037 3003 9
1038 3033 8
1039 2941 6
62 1040 7
62 1041 5
1040 3034 7
1041 3029 5
63 1042 117
63 1043 50
63 1044 21
63 1045 16
63 1046 15
63 1047 11
63 1048 10
63 1049 10
63 1050 8
63 1051 7
63 1052 6
63 1053 6
63 1054 5
63 1055 5
63 1056 5
63 1057 5
1042 2914 117
1043 3035 50
1044 3033 21
1045 3036 16
1046 3037 15
1047 3038 11
1048 3039 10
1049 3040 10
1050 2934 8
1051 3041 7
1052 3042 6
1053 2931 6
1054 3043 5
1055 3044 5
1056 3045 5
1057 3046 5
64 1058 13
64 1059 12
64 1060 6
64 1061 5
1058 2914 13
1059 3034 12
1060 2914 6
1061 3047 5
65 1062 7
65 1063 7
1062 2937 7
1063 2958 7
66 1064 18
66 1065 6
1064 2937 18
1065 3048 6
67 1066 17
67 1067 7
1066 2914 17
1067 2931 7
68 1068 6
68 1069 6
1068 3049 6
1069 2931 6
69 1070 8
69 1071 6
1070 3050 8
1071 3051 6
70 1072 27
70 1073 10
1072 3052 27
1073 2941 10
71 1074 20
71 1075 15
71 1076 7
71 1077 7
1074 2931 20
1075 3004 15
1076 2931 7
1077 2914 7
72 1078 12
72 1079 5
1078 3053 12
1079 3054 5
73 1080 17
73 1081 11
73 1082 6
73 1083 5
73 1084 5
1080 2995 17
1081 3036 11
1082 2914 6
1083 3015 5
1084 3055 5
74 1085 7
74 1086 7
1085 3056 7
1086 3057 7
75 1087 12
75 1088 7
75 1089 5
1087 2985 12
1088 3058 7
1089 3059 5
76 1090 39
76 1091 15
76 1092 10
1090 2971 39
1091 3003 15
1092 3060 10
77 1093 13
77 1094 7
1093 2931 13
1094 3061 7
78 1095 8
78 1096 8
1095 2931 8
1096 3015 8
79 1097 10
79 1098 6
1097 2914 10
1098 3062 6
80 1099 11
80 1100 6
1099 2931 11
1100 3063 6
81 1101 102
81 1102 12
81 1103 8
81 1104 6
1101 2941 102
1102 3064 12
1103 3065 8
1104 3066 6
82 1105 22
82 1106 14
82 1107 8
82 1108 8
1105 3067 22
1106 3015 14
1107 2941 8
1108 2931 8
83 1109 17
83 1110 17
1109 3068 17
1110 2940 17
84 1111 47
84 1112 19
84 1113 7
1111 2964 47
1112 2948 19
1113 3069 7
85 1114 27
85 1115 6
85 1116 5
1114 3003 27
1115 3022 6
1116 2914 5
86 1117 8
86 1118 5
1117 2940 8
1118 3026 5
87 1119 38
87 1120 26
87 1121 7
1119 3070 38
1120 3071 26
1121 3072 7
88 1122 30
88 1123 8
88 1124 5
88 1125 5
1122 2914 30
1123 3036 8
1124 3073 5
1125 3003 5
89 1126 20
89 1127 14
1126 2945 20
1127 3074 14
90 1128 24
90 1129 18
90 1130 18
1128 2914 24
1129 3075 18
1130 3057 18
91 1131 15
91 1132 6
1131 2941 15
1132 2978 6
92 1133 13
92 1134 7
92 1135 5
1133 2948 13
1134 2978 7
1135 2914 5
93 1136 6
93 1137 5
1136 2914 6
1137 3076 5
94 1138 23
94 1139 21
1138 3077 23
1139 2931 21
95 1140 26
95 1141 11
1140 2941 26
1141 3078 11
96 1142 11
96 1143 9
96 1144 8
1142 2941 11
1143 2934 9
1144 2914 8
97 1145 24
97 1146 5
1145 3079 24
1146 2940 5
98 1147 8
98 1148 8
1147 2931 8
1148 2934 8
99 1149 15
99 1150 5
1149 3080 15
1150 2936 5
100 1151 141
100 1152 29
100 1153 6
100 1154 6
1151 2937 141
1152 2940 29
1153 2945 6
1154 2940 6
101 1155 8
101 1156 6
1155 2975 8
1156 2940 6
102 1157 27
102 1158 17
102 1159 9
102 1160 5
1157 2934 27
1158 3081 17
1159 3082 9
1160 3083 5
103 1161 11
103 1162 7
1161 2936 11
1162 3084 7
104 1163 19
104 1164 5
1163 2941 19
1164 3085 5
105 1165 41
105 1166 9
1165 2940 41
1166 2989 9
106 1167 121
106 1168 13
106 1169 9
1167 3086 121
1168 3061 13
1169 2948 9
107 1170 36
107 1171 6
1170 3080 36
1171 3087 6
108 1172 116
108 1173 28
108 1174 6
1172 2948 116
1173 2931 28
1174 3088 6
109 1175 7
109 1176 5
1175 3089 7
1176 3090 5
110 1177 30
110 1178 17
110 1179 8
110 1180 7
110 1181 6
1177 2941 30
1178 2965 17
1179 3091 8
1180 3092 7
1181 3093 6
111 1182 24
111 1183 8
111 1184 7
1182 3094 24
1183 2964 8
1184 3095 7
112 1185 14
112 1186 6
112 1187 6
1185 3024 14
1186 2964 6
1187 3096 6
113 1188 9
113 1189 6
1188 3003 9
1189 3097 6
114 1190 19
114 1191 16
114 1192 13
114 1193 9
114 1194 5
1190 3098 19
1191 3091 16
1192 3099 13
1193 3100 9
1194 3101 5
115 1195 15
115 1196 8
1195 3096 15
1196 2940 8
116 1197 12
116 1198 12
116 1199 8
1197 2914 12
1198 2943 12
1199 3073 8
117 1200 13
117 1201 9
117 1202 7
1200 2941 13
1201 3102 9
1202 2936 7
118 1203 40
118 1204 8
118 1205 6
1203 2937 40
1204 3103 8
1205 3104 6
119 1206 8
119 1207 5
1206 2931 8
1207 3096 5
120 1208 17
120 1209 15
120 1210 9
120 1211 8
120 1212 5
120 1213 5
1208 3105 17
1209 3106 15
1210 3107 9
1211 3108 8
1212 3109 5
1213 3110 5
121 1214 6
121 1215 5
1214 2931 6
1215 2965 5
122 1216 11
122 1217 10
1216 2964 11
1217 3071 10
123 1218 8
123 1219 6
1218 2931 8
1219 3111 6
124 1220 29
124 1221 7
124 1222 5
1220 2940 29
1221 3112 7
1222 3113 5
125 1223 17
125 1224 7
1223 2964 17
1224 3114 7
126 1225 22
126 1226 8
126 1227 7
1225 2964 22
1226 2937 8
1227 3115 7
127 1228 11
127 1229 9
127 1230 5
1228 2937 11
1229 3116 9
1230 2931 5
128 1231 16
128 1232 5
1231 3020 16
1232 2940 5
129 1233 7
129 1234 5
1233 2937 7
1234 3015 5
130 1235 34
130 1236 19
1235 2940 34
1236 3117 19
131 1237 8
131 1238 6
1237 2936 8
1238 3015 6
132 1239 18
132 1240 12
1239 3015 18
1240 2931 12
133 1241 16
133 1242 5
1241 2940 16
1242 3118 5
134 1243 16
134 1244 7
134 1245 5
1243 3119 16
1244 3120 7
1245 3121 5
135 1246 6
135 1247 6
1246 3003 6
1247 3102 6
136 1248 7
136 1249 5
1248 3122 7
1249 3123 5
137 1250 8
137 1251 6
1250 3003 8
1251 3124 6
138 1252 36
138 1253 9
1252 2931 36
1253 3125 9
139 1254 15
139 1255 12
1254 2931 15
1255 3126 12
140 1256 10
140 1257 6
1256 3003 10
1257 3127 6
141 1258 10
141 1259 5
141 1260 5
1258 3124 10
1259 2936 5
1260 2978 5
142 1261 5
142 1262 5
1261 2940 5
1262 3102 5
143 1263 19
143 1264 17
143 1265 8
1263 2937 19
1264 3124 17
1265 2940 8
144 1266 8
144 1267 7
1266 3128 8
1267 3106 7
145 1268 22
145 1269 10
1268 2946 22
1269 2964 10
146 1270 13
146 1271 9
1270 3033 13
1271 3102 9
147 1272 5
147 1273 5
1272 3129 5
1273 3102 5
148 1274 12
148 1275 6
148 1276 5
1274 3130 12
1275 2940 6
1276 3015 5
149 1277 20
149 1278 5
1277 2964 20
1278 3131 5
150 1279 5
150 1280 5
150 1281 5
1279 3132 5
1280 2964 5
1281 3003 5
151 1282 6
151 1283 6
1282 2940 6
1283 3124 6
152 1284 10
152 1285 9
1284 3133 10
1285 3134 9
153 1286 11
153 1287 7
1286 3135 11
1287 2940 7
154 1288 21
154 1289 5
1288 3136 21
1289 3135 5
155 1290 17
155 1291 12
155 1292 6
1290 3137 17
1291 3138 12
1292 2964 6
156 1293 8
156 1294 5
1293 3058 8
1294 3139 5
157 1295 11
157 1296 5
1295 2931 11
1296 2940 5
158 1297 256
158 1298 29
158 1299 7
158 1300 6
158 1301 5
1297 3140 256
1298 3131 29
1299 3141 7
1300 2940 6
1301 3142 5
159 1302 43
159 1303 18
159 1304 17
1302 2931 43
1303 2940 18
1304 3143 17
160 1305 8
160 1306 5
1305 3144 8
1306 2940 5
161 1307 10
161 1308 7
1307 3124 10
1308 2931 7
162 1309 8
162 1310 5
1309 2940 8
1310 3145 5
163 1311 26
163 1312 11
163 1313 6
1311 3146 26
1312 3147 11
1313 3148 6
164 1314 61
164 1315 8
1314 3149 61
1315 3150 8
165 1316 9
165 1317 5
1316 3151 9
1317 2964 5
166 1318 7
166 1319 6
166 1320 5
1318 2931 7
1319 3152 6
1320 3153 5
167 1321 5
167 1322 5
1321 3154 5
1322 3155 5
168 1323 8
168 1324 7
168 1325 6
1323 2964 8
1324 3154 7
1325 3025 6
169 1326 17
169 1327 12
169 1328 9
1326 2968 17
1327 2938 12
1328 3154 9
170 1329 7
170 1330 7
1329 2937 7
1330 3124 7
171 1331 9
171 1332 5
171 1333 5
1331 3149 9
1332 2964 5
1333 3156 5
172 1334 12
172 1335 10
172 1336 8
172 1337 6
1334 3157 12
1335 2964 10
1336 3158 8
1337 3022 6
173 1338 30
173 1339 13
173 1340 11
1338 2914 30
1339 3003 13
1340 3159 11
174 1341 6
174 1342 5
1341 2964 6
1342 2914 5
175 1343 9
175 1344 9
175 1345 5
1343 2964 9
1344 2914 9
1345 3160 5
176 1346 11
176 1347 9
1346 3033 11
1347 2914 9
177 1348 5
177 1349 5
1348 3161 5
1349 3154 5
178 1350 40
178 1351 15
1350 2965 40
1351 3162 15
179 1352 29
179 1353 10
179 1354 9
179 1355 9
1352 2940 29
1353 3124 10
1354 2940 9
1355 2940 9
180 1356 15
180 1357 11
1356 2941 15
1357 3102 11
181 1358 13
181 1359 9
1358 2941 13
1359 3154 9
182 1360 7
182 1361 5
1360 3163 7
1361 2914 5
183 1362 8
183 1363 6
1362 3164 8
1363 3058 6
184 1364 12
184 1365 6
1364 3165 12
1365 2964 6
185 1366 39
185 1367 16
1366 2940 39
1367 2964 16
186 1368 14
186 1369 7
1368 2965 14
1369 3022 7
187 1370 23
187 1371 11
187 1372 10
187 1373 5
1370 2964 23
1371 3131 11
1372 3166 10
1373 3167 5
188 1374 7
188 1375 5
1374 3168 7
1375 3169 5
189 1376 20
189 1377 13
189 1378 5
1376 3169 20
1377 3170 13
1378 3166 5
190 1379 8
190 1380 6
190 1381 5
1379 3133 8
1380 3171 6
1381 3172 5
191 1382 18
191 1383 6
1382 3102 18
1383 3173 6
192 1384 13
192 1385 8
192 1386 5
1384 3102 13
1385 2940 8
1386 2948 5
193 1387 8
193 1388 5
1387 2964 8
1388 3102 5
194 1389 12
194 1390 8
194 1391 6
1389 3169 12
1390 3174 8
1391 2941 6
195 1392 42
195 1393 9
1392 3175 42
1393 2964 9
196 1394 7
196 1395 6
1394 2931 7
1395 3176 6
197 1396 15
197 1397 8
197 1398 8
1396 2982 15
1397 3177 8
1398 3154 8
198 1399 55
198 1400 19
198 1401 15
1399 2964 55
1400 3178 19
1401 3179 15
199 1402 20
199 1403 10
1402 3180 20
1403 3181 10
200 1404 39
200 1405 7
1404 2965 39
1405 3182 7
201 1406 6
201 1407 6
1406 3183 6
1407 3053 6
202 1408 19
202 1409 7
1408 2940 19
1409 2914 7
203 1410 6
203 1411 5
1410 3184 6
1411 2914 5
204 1412 41
204 1413 9
1412 2964 41
1413 3047 9
205 1414 11
205 1415 8
205 1416 5
1414 2964 11
1415 2968 8
1416 3185 5
206 1417 7
206 1418 6
1417 3186 7
1418 3187 6
207 1419 21
207 1420 5
1419 2914 21
1420 3188 5
208 1421 8
208 1422 7
1421 3154 8
1422 3189 7
209 1423 7
209 1424 6
1423 2964 7
1424 2945 6
210 1425 20
210 1426 8
1425 2914 20
1426 2964 8
211 1427 15
211 1428 6
1427 2931 15
1428 3190 6
212 1429 8
212 1430 6
1429 2914 8
1430 2968 6
213 1431 6
213 1432 5
1431 3191 6
1432 2968 5
214 1433 6
214 1434 5
1433 2937 6
1434 2931 5
215 1435 6
215 1436 5
1435 2940 6
1436 2931 5
216 1437 19
216 1438 6
1437 3071 19
1438 3192 6
217 1439 25
217 1440 10
1439 2964 25
1440 3095 10
218 1441 9
218 1442 5
1441 2937 9
1442 3193 5
219 1443 10
219 1444 5
1443 3073 10
1444 3033 5
220 1445 9
220 1446 7
1445 2914 9
1446 2989 7
221 1447 16
221 1448 8
1447 3061 16
1448 3192 8
222 1449 27
222 1450 8
1449 2968 27
1450 2937 8
223 1451 10
223 1452 5
1451 2964 10
1452 2940 5
224 1453 22
224 1454 21
1453 2964 22
1454 2968 21
225 1455 8
225 1456 7
225 1457 6
1455 2948 8
1456 2945 7
1457 2937 6
226 1458 7
226 1459 5
1458 2931 7
1459 3194 5
227 1460 18
227 1461 11
227 1462 9
1460 2938 18
1461 3195 11
1462 2914 9
228 1463 8
228 1464 5
1463 2968 8
1464 2964 5
229 1465 10
229 1466 6
1465 3196 10
1466 3197 6
230 1467 5
230 1468 5
1467 3198 5
1468 2964 5
231 1469 5
231 1470 5
1469 2941 5
1470 2964 5
232 1471 9
232 1472 8
232 1473 5
1471 2940 9
1472 2968 8
1473 3199 5
233 1474 8
233 1475 7
1474 3200 8
1475 2940 7
234 1476 10
234 1477 5
1476 3201 10
1477 2946 5
235 1478 6
235 1479 5
1478 2964 6
1479 2968 5
236 1480 67
236 1481 6
1480 3202 67
1481 3203 6
237 1482 32
237 1483 26
237 1484 5
237 1485 5
1482 2940 32
1483 3204 26
1484 3192 5
1485 3205 5
238 1486 9
238 1487 6
1486 3025 9
1487 3206 6
239 1488 10
239 1489 8
1488 3207 10
1489 3208 8
240 1490 6
240 1491 5
1490 2940 6
1491 3154 5
241 1492 6
241 1493 5
1492 3209 6
1493 3192 5
242 1494 11
242 1495 7
1494 3210 11
1495 3102 7
243 1496 13
243 1497 5
1496 3211 13
1497 3112 5
244 1498 20
244 1499 6
244 1500 6
1498 3192 20
1499 3212 6
1500 3213 6
245 1501 7
245 1502 5
1501 3192 7
1502 3214 5
246 1503 13
246 1504 5
246 1505 5
1503 3215 13
1504 3216 5
1505 3217 5
247 1506 11
247 1507 5
1506 2965 11
1507 3218 5
248 1508 5
248 1509 5
1508 2937 5
1509 2914 5
249 1510 7
249 1511 5
1510 3192 7
1511 3102 5
250 1512 12
250 1513 5
1512 3219 12
1513 3220 5
251 1514 15
251 1515 5
1514 3221 15
1515 3222 5
252 1516 22
252 1517 14
252 1518 6
1516 3223 22
1517 2914 14
1518 3191 6
253 1519 26
253 1520 18
253 1521 5
1519 3124 26
1520 3224 18
1521 2964 5
254 1522 18
254 1523 8
254 1524 6
254 1525 5
1522 3223 18
1523 3225 8
1524 3226 6
1525 3227 5
255 1526 22
255 1527 21
255 1528 11
255 1529 8
255 1530 5
1526 3228 22
1527 3229 21
1528 3230 11
1529 3231 8
1530 3232 5
256 1531 10
256 1532 9
1531 2968 10
1532 2965 9
257 1533 25
257 1534 7
257 1535 5
1533 3192 25
1534 3233 7
1535 3234 5
258 1536 40
258 1537 5
1536 2965 40
1537 3235 5
259 1538 9
259 1539 9
1538 2914 9
1539 2941 9
260 1540 5
260 1541 5
260 1542 5
1540 2964 5
1541 3102 5
1542 3192 5
261 1543 11
261 1544 5
1543 2937 11
1544 3154 5
262 1545 29
262 1546 8
262 1547 8
262 1548 7
1545 3070 29
1546 3236 8
1547 3237 8
1548 3238 7
263 1549 6
263 1550 6
1549 3239 6
1550 3154 6
264 1551 15
264 1552 9
1551 3240 15
1552 2940 9
265 1553 7
265 1554 6
1553 2937 7
1554 3241 6
266 1555 7
266 1556 6
266 1557 5
1555 3242 7
1556 3243 6
1557 3244 5
267 1558 16
267 1559 6
1558 3245 16
1559 3154 6
268 1560 17
268 1561 7
268 1562 6
1560 3154 17
1561 2937 7
1562 3246 6
269 1563 7
269 1564 5
1563 3247 7
1564 3248 5
270 1565 46
270 1566 20
1565 2965 46
1566 3249 20
271 1567 6
271 1568 5
1567 3250 6
1568 3251 5
272 1569 41
272 1570 15
272 1571 5
1569 3252 41
1570 3253 15
1571 3254 5
273 1572 10
273 1573 5
1572 3255 10
1573 2964 5
274 1574 26
274 1575 12
1574 2965 26
1575 3033 12
275 1576 34
275 1577 33
275 1578 10
275 1579 10
275 1580 9
275 1581 9
275 1582 8
275 1583 7
275 1584 5
275 1585 5
275 1586 5
1576 2945 34
1577 3256 33
1578 3178 10
1579 3257 10
1580 3158 9
1581 3179 9
1582 2948 8
1583 2941 7
1584 3258 5
1585 3259 5
1586 3260 5
276 1587 6
276 1588 5
1587 3261 6
1588 2937 5
277 1589 23
277 1590 7
1589 3262 23
1590 3263 7
278 1591 6
278 1592 6
1591 3264 6
1592 3265 6
279 1593 22
279 1594 5
1593 3192 22
1594 3266 5
280 1595 26
280 1596 14
280 1597 11
280 1598 10
280 1599 6
280 1600 5
1595 3251 26
1596 2941 14
1597 3115 11
1598 3047 10
1599 2941 6
1600 3267 5
281 1601 11
281 1602 6
1601 3268 11
1602 3039 6
282 1603 13
282 1604 8
1603 3269 13
1604 3270 8
283 1605 12
283 1606 8
1605 2914 12
1606 2965 8
284 1607 12
284 1608 9
1607 2999 12
1608 3178 9
285 1609 13
285 1610 7
1609 3047 13
1610 3271 7
286 1611 12
286 1612 6
1611 3192 12
1612 3033 6
287 1613 14
287 1614 11
287 1615 7
287 1616 5
1613 3272 14
1614 3033 11
1615 2939 7
1616 2948 5
288 1617 10
288 1618 6
1617 3192 10
1618 2937 6
289 1619 16
289 1620 5
1619 3273 16
1620 2965 5
290 1621 8
290 1622 5
1621 3274 8
1622 3275 5
291 1623 29
291 1624 25
291 1625 7
1623 3276 29
1624 3257 25
1625 2940 7
292 1626 7
292 1627 5
1626 2937 7
1627 3277 5
293 1628 8
293 1629 7
1628 3278 8
1629 3192 7
294 1630 7
294 1631 6
1630 3178 7
1631 3047 6
295 1632 5
295 1633 5
1632 3279 5
1633 2964 5
296 1634 12
296 1635 8
296 1636 6
1634 2940 12
1635 3280 8
1636 2941 6
297 1637 9
297 1638 5
1637 3047 9
1638 3281 5
298 1639 21
298 1640 5
1639 3047 21
1640 2937 5
299 1641 13
299 1642 6
1641 2964 13
1642 3047 6
300 1643 10
300 1644 9
1643 2965 10
1644 3102 9
301 1645 16
301 1646 10
1645 3282 16
1646 3283 10
302 1647 15
302 1648 9
1647 2949 15
1648 3284 9
303 1649 13
303 1650 6
303 1651 5
1649 2940 13
1650 3285 6
1651 2946 5
304 1652 61
304 1653 57
304 1654 12
1652 3033 61
1653 2948 57
1654 3047 12
305 1655 19
305 1656 7
305 1657 5
305 1658 5
1655 3047 19
1656 3286 7
1657 3287 5
1658 2964 5
306 1659 10
306 1660 6
1659 3107 10
1660 3288 6
307 1661 14
307 1662 8
1661 2941 14
1662 3289 8
308 1663 24
308 1664 13
1663 3290 24
1664 3291 13
309 1665 94
309 1666 9
1665 2941 94
1666 3292 9
310 1667 11
310 1668 10
1667 3293 11
1668 3294 10
311 1669 18
311 1670 16
311 1671 13
311 1672 9
311 1673 6
1669 3178 18
1670 3158 16
1671 3295 13
1672 3296 9
1673 3297 6
312 1674 9
312 1675 6
1674 2964 9
1675 3298 6
313 1676 10
313 1677 7
1676 3192 10
1677 3299 7
314 1678 15
314 1679 5
1678 2939 15
1679 3300 5
315 1680 16
315 1681 6
1680 3047 16
1681 3301 6
316 1682 8
316 1683 5
1682 3302 8
1683 3303 5
317 1684 13
317 1685 6
1684 3304 13
1685 3300 6
318 1686 8
318 1687 8
1686 3305 8
1687 3306 8
319 1688 26
319 1689 12
1688 2965 26
1689 2937 12
320 1690 35
320 1691 10
320 1692 7
1690 3047 35
1691 3307 10
1692 2964 7
321 1693 7
321 1694 6
321 1695 6
1693 3308 7
1694 2999 6
1695 3309 6
322 1696 18
322 1697 5
1696 3276 18
1697 3310 5
323 1698 13
323 1699 7
1698 3311 13
1699 3312 7
324 1700 9
324 1701 6
1700 3313 9
1701 2982 6
325 1702 22
325 1703 5
1702 2914 22
1703 2941 5
326 1704 8
326 1705 6
326 1706 5
1704 2949 8
1705 3314 6
1706 3315 5
327 1707 8
327 1708 6
1707 3316 8
1708 3317 6
328 1709 43
328 1710 10
328 1711 9
328 1712 8
1709 3318 43
1710 3319 10
1711 3320 9
1712 3321 8
329 1713 127
329 1714 9
329 1715 5
1713 2964 127
1714 3322 9
1715 3323 5
330 1716 28
330 1717 10
1716 3324 28
1717 3325 10
331 1718 13
331 1719 8
1718 2965 13
1719 3326 8
332 1720 26
332 1721 8
1720 2965 26
1721 3327 8
333 1722 9
333 1723 5
333 1724 5
1722 3328 9
1723 3329 5
1724 3330 5
334 1725 11
334 1726 6
334 1727 5
1725 2965 11
1726 3177 6
1727 3331 5
335 1728 13
335 1729 6
1728 3047 13
1729 3115 6
336 1730 11
336 1731 5
1730 3047 11
1731 3177 5
337 1732 14
337 1733 9
337 1734 8
1732 2937 14
1733 2945 9
1734 3243 8
338 1735 8
338 1736 5
1735 3047 8
1736 2964 5
339 1737 22
339 1738 20
1737 3332 22
1738 2964 20
340 1739 15
340 1740 7
1739 3333 15
1740 2940 7
341 1741 31
341 1742 5
1741 2940 31
1742 3334 5
342 1743 25
342 1744 21
342 1745 18
342 1746 12
342 1747 11
342 1748 5
1743 3335 25
1744 3336 21
1745 2949 18
1746 3337 12
1747 3338 11
1748 3339 5
343 1749 13
343 1750 5
1749 3340 13
1750 3341 5
344 1751 27
344 1752 8
1751 3192 27
1752 2948 8
345 1753 8
345 1754 6
1753 3158 8
1754 3342 6
346 1755 5
346 1756 5
1755 3343 5
1756 3344 5
347 1757 16
347 1758 11
347 1759 7
1757 3345 16
1758 2965 11
1759 3346 7
348 1760 19
348 1761 17
1760 3347 19
1761 3154 17
349 1762 9
349 1763 7
1762 3348 9
1763 3349 7
350 1764 15
350 1765 11
1764 3350 15
1765 3351 11
351 1766 32
351 1767 11
1766 2965 32
1767 2940 11
352 1768 33
352 1769 5
1768 2914 33
1769 3352 5
353 1770 24
353 1771 18
353 1772 8
1770 2937 24
1771 3186 18
1772 3353 8
354 1773 14
354 1774 7
354 1775 6
1773 3354 14
1774 3192 7
1775 3154 6
355 1776 7
355 1777 7
1776 2964 7
1777 3192 7
356 1778 12
356 1779 7
1778 2941 12
1779 2965 7
357 1780 13
357 1781 11
1780 3154 13
1781 2965 11
358 1782 16
358 1783 11
358 1784 5
1782 3154 16
1783 3192 11
1784 2948 5
359 1785 5
359 1786 5
1785 3232 5
1786 3355 5
360 1787 13
360 1788 7
1787 3351 13
1788 3356 7
361 1789 17
361 1790 13
1789 2937 17
1790 3357 13
362 1791 11
362 1792 6
1791 2965 11
1792 2937 6
363 1793 13
363 1794 12
1793 3358 13
1794 2999 12
364 1795 7
364 1796 5
1795 3256 7
1796 2940 5
365 1797 15
365 1798 8
1797 2982 15
1798 3115 8
366 1799 13
366 1800 6
1799 2964 13
1800 3359 6
367 1801 13
367 1802 12
1801 3047 13
1802 3360 12
368 1803 30
368 1804 22
368 1805 13
368 1806 7
368 1807 5
1803 3021 30
1804 3192 22
1805 3361 13
1806 3160 7
1807 3362 5
369 1808 10
369 1809 5
1808 3158 10
1809 3154 5
370 1810 21
370 1811 14
1810 2965 21
1811 3363 14
371 1812 14
371 1813 6
1812 3192 14
1813 3154 6
372 1814 29
372 1815 16
372 1816 7
1814 3160 29
1815 2965 16
1816 3364 7
373 1817 78
373 1818 68
373 1819 21
373 1820 10
1817 2965 78
1818 3365 68
1819 3033 21
1820 3188 10
374 1821 18
374 1822 17
1821 2948 18
1822 2937 17
375 1823 12
375 1824 5
1823 3154 12
1824 3366 5
376 1825 8
376 1826 5
1825 3219 8
1826 3154 5
377 1827 9
377 1828 5
377 1829 5
1827 3297 9
1828 3367 5
1829 3033 5
378 1830 31
378 1831 6
378 1832 5
1830 3368 31
1831 3369 6
1832 3370 5
379 1833 8
379 1834 7
1833 2937 8
1834 3358 7
380 1835 14
380 1836 8
1835 3192 14
1836 3183 8
381 1837 7
381 1838 5
1837 2948 7
1838 3160 5
382 1839 23
382 1840 14
382 1841 13
382 1842 6
382 1843 5
382 1844 5
1839 2948 23
1840 2948 14
1841 3371 13
1842 3372 6
1843 3373 5
1844 3374 5
383 1845 12
383 1846 8
1845 3375 12
1846 3376 8
384 1847 16
384 1848 11
1847 3160 16
1848 2964 11
385 1849 6
385 1850 6
1849 3377 6
1850 2937 6
386 1851 11
386 1852 8
386 1853 7
1851 2999 11
1852 3154 8
1853 3378 7
387 1854 17
387 1855 10
1854 3160 17
1855 3379 10
388 1856 15
388 1857 5
1856 2948 15
1857 2940 5
389 1858 9
389 1859 6
1858 3136 9
1859 2965 6
390 1860 13
390 1861 9
1860 2964 13
1861 2965 9
391 1862 10
391 1863 6
1862 3192 10
1863 3380 6
392 1864 13
392 1865 6
1864 3381 13
1865 2948 6
393 1866 17
393 1867 5
1866 3381 17
1867 3158 5
394 1868 7
394 1869 5
1868 3382 7
1869 3383 5
395 1870 19
395 1871 5
1870 2965 19
1871 3384 5
396 1872 7
396 1873 7
1872 3385 7
1873 3192 7
397 1874 12
397 1875 5
1874 2965 12
1875 2964 5
398 1876 16
398 1877 6
1876 3386 16
1877 3387 6
399 1878 9
399 1879 5
1878 3388 9
1879 3102 5
400 1880 21
400 1881 6
1880 3389 21
1881 2999 6
401 1882 10
401 1883 6
1882 3358 10
1883 3390 6
402 1884 10
402 1885 6
1884 2965 10
1885 3358 6
403 1886 6
403 1887 6
1886 3391 6
1887 3102 6
404 1888 14
404 1889 11
404 1890 10
1888 3392 14
1889 3393 11
1890 3160 10
405 1891 16
405 1892 9
1891 3102 16
1892 3394 9
406 1893 11
406 1894 5
1893 3395 11
1894 3396 5
407 1895 119
407 1896 19
407 1897 8
407 1898 6
1895 3397 119
1896 3398 19
1897 3399 8
1898 3400 6
408 1899 6
408 1900 5
1899 3251 6
1900 3192 5
409 1901 50
409 1902 14
409 1903 7
1901 3401 50
1902 3402 14
1903 3403 7
410 1904 8
410 1905 7
1904 3404 8
1905 3158 7
411 1906 13
411 1907 10
1906 3405 13
1907 3114 10
412 1908 10
412 1909 6
1908 3386 10
1909 3251 6
413 1910 11
413 1911 6
413 1912 5
1910 3406 11
1911 3407 6
1912 3260 5
414 1913 6
414 1914 5
1913 3251 6
1914 3033 5
415 1915 9
415 1916 6
1915 3408 9
1916 2965 6
416 1917 9
416 1918 7
1917 3047 9
1918 3192 7
417 1919 10
417 1920 8
1919 2999 10
1920 3409 8
418 1921 16
418 1922 8
418 1923 5
1921 3160 16
1922 2941 8
1923 3251 5
419 1924 10
419 1925 5
1924 2999 10
1925 3410 5
420 1926 17
420 1927 5
1926 3411 17
1927 3412 5
421 1928 13
421 1929 7
1928 3413 13
1929 3414 7
422 1930 18
422 1931 10
422 1932 6
1930 3251 18
1931 3415 10
1932 3416 6
423 1933 6
423 1934 5
1933 3358 6
1934 3417 5
424 1935 17
424 1936 10
1935 3192 17
1936 2999 10
425 1937 6
425 1938 6
1937 3192 6
1938 3333 6
426 1939 7
426 1940 5
1939 3251 7
1940 3039 5
427 1941 5
427 1942 5
1941 3418 5
1942 3419 5
428 1943 12
428 1944 5
1943 3039 12
1944 3047 5
429 1945 6
429 1946 5
1945 3160 6
1946 3358 5
430 1947 7
430 1948 7
1947 3158 7
1948 2965 7
431 1949 44
431 1950 7
1949 3420 44
1950 3421 7
432 1951 10
432 1952 5
1951 3251 10
1952 3422 5
433 1953 6
433 1954 5
1953 3423 6
1954 3424 5
434 1955 6
434 1956 6
1955 3371 6
1956 3251 6
435 1957 8
435 1958 8
1957 2948 8
1958 3251 8
436 1959 7
436 1960 6
1959 3425 7
1960 3358 6
437 1961 12
437 1962 8
1961 3204 12
1962 2999 8
438 1963 8
438 1964 5
1963 3426 8
1964 3033 5
439 1965 23
439 1966 7
1965 2999 23
1966 3033 7
440 1967 5
440 1968 5
1967 3427 5
1968 3428 5
441 1969 26
441 1970 20
1969 3429 26
1970 3430 20
442 1971 7
442 1972 6
442 1973 5
1971 3431 7
1972 3374 6
1973 3432 5
443 1974 8
443 1975 7
1974 3358 8
1975 3371 7
444 1976 7
444 1977 5
1976 3433 7
1977 2940 5
445 1978 15
445 1979 5
445 1980 5
1978 3358 15
1979 3434 5
1980 3435 5
446 1981 8
446 1982 5
1981 3436 8
1982 2940 5
447 1983 10
447 1984 7
1983 2999 10
1984 3437 7
448 1985 17
448 1986 9
1985 3154 17
1986 3033 9
449 1987 8
449 1988 7
449 1989 6
1987 3033 8
1988 3438 7
1989 3439 6
450 1990 13
450 1991 6
1990 3039 13
1991 3440 6
451 1992 10
451 1993 5
1992 3371 10
1993 3033 5
452 1994 11
452 1995 5
1994 2948 11
1995 3219 5
453 1996 7
453 1997 5
1996 2948 7
1997 3039 5
454 1998 28
454 1999 7
1998 3371 28
1999 2999 7
455 2000 6
455 2001 6
2000 3003 6
2001 3441 6
456 2002 10
456 2003 8
456 2004 7
2002 3442 10
2003 2999 8
2004 3443 7
457 2005 6
457 2006 6
2005 3371 6
2006 3444 6
458 2007 10
458 2008 9
2007 3374 10
2008 3445 9
459 2009 23
459 2010 10
2009 2948 23
2010 2999 10
460 2011 6
460 2012 5
460 2013 5
2011 2937 6
2012 2999 5
2013 3208 5
461 2014 22
461 2015 12
2014 3371 22
2015 3446 12
462 2016 6
462 2017 5
2016 3406 6
2017 2948 5
463 2018 9
463 2019 8
463 2020 7
463 2021 5
463 2022 5
2018 3447 9
2019 3448 8
2020 3449 7
2021 3450 5
2022 3451 5
464 2023 5
464 2024 5
2023 3452 5
2024 3371 5
465 2025 13
465 2026 10
2025 3453 13
2026 3454 10
466 2027 20
466 2028 11
2027 2948 20
2028 3455 11
467 2029 10
467 2030 6
2029 2948 10
2030 3456 6
468 2031 27
468 2032 14
2031 3039 27
2032 2948 14
469 2033 13
469 2034 10
2033 3457 13
2034 3374 10
470 2035 24
470 2036 5
2035 2965 24
2036 3039 5
471 2037 13
471 2038 8
2037 3033 13
2038 2999 8
472 2039 24
472 2040 12
472 2041 5
2039 3039 24
2040 3458 12
2041 2940 5
473 2042 14
473 2043 11
473 2044 5
2042 2999 14
2043 3371 11
2044 3459 5
474 2045 8
474 2046 5
2045 2948 8
2046 3371 5
475 2047 7
475 2048 5
2047 2999 7
2048 3208 5
476 2049 8
476 2050 7
2049 3351 8
2050 3039 7
477 2051 6
477 2052 6
477 2053 5
2051 3371 6
2052 2999 6
2053 3192 5
478 2054 11
478 2055 6
2054 3047 11
2055 3039 6
479 2056 6
479 2057 5
479 2058 5
2056 3047 6
2057 3388 5
2058 3460 5
480 2059 44
480 2060 6
2059 3047 44
2060 3461 6
481 2061 11
481 2062 8
2061 3462 11
2062 3358 8
482 2063 7
482 2064 5
2063 3047 7
2064 3039 5
483 2065 12
483 2066 8
2065 3047 12
2066 2999 8
484 2067 9
484 2068 6
2067 3047 9
2068 3158 6
485 2069 26
485 2070 10
485 2071 5
2069 2948 26
2070 3047 10
2071 3463 5
486 2072 14
486 2073 6
2072 3464 14
2073 3192 6
487 2074 8
487 2075 5
2074 3465 8
2075 3466 5
488 2076 243
488 2077 32
488 2078 24
488 2079 18
488 2080 11
488 2081 8
488 2082 7
488 2083 7
2076 3154 243
2077 2974 32
2078 3358 24
2079 2948 18
2080 3467 11
2081 3468 8
2082 2916 7
2083 3469 7
489 2084 17
489 2085 11
2084 3371 17
2085 3047 11
490 2086 114
490 2087 91
490 2088 31
2086 3154 114
2087 3470 91
2088 3471 31
491 2089 8
491 2090 6
2089 3472 8
2090 3473 6
492 2091 10
492 2092 6
2091 3283 10
2092 3474 6
493 2093 5
493 2094 5
2093 3436 5
2094 3158 5
494 2095 11
494 2096 7
2095 2982 11
2096 3475 7
495 2097 25
495 2098 7
2097 3371 25
2098 3476 7
496 2099 55
496 2100 6
2099 2982 55
2100 3477 6
497 2101 7
497 2102 7
497 2103 7
2101 3047 7
2102 3283 7
2103 3371 7
498 2104 10
498 2105 5
2104 3374 10
2105 3478 5
499 2106 7
499 2107 6
2106 3047 7
2107 3479 6
500 2108 17
500 2109 14
2108 2999 17
2109 2948 14
501 2110 15
501 2111 8
2110 3436 15
2111 3371 8
502 2112 71
502 2113 27
502 2114 7
502 2115 6
2112 3283 71
2113 3480 27
2114 3481 7
2115 3482 6
503 2116 36
503 2117 12
2116 3358 36
2117 3371 12
504 2118 10
504 2119 8
2118 3039 10
2119 3047 8
505 2120 12
505 2121 12
2120 3483 12
2121 3388 12
506 2122 18
506 2123 6
2122 3358 18
2123 3444 6
507 2124 8
507 2125 5
2124 3421 8
2125 3484 5
508 2126 5
508 2127 5
2126 3485 5
2127 3486 5
509 2128 12
509 2129 6
2128 3487 12
2129 3488 6
510 2130 5
510 2131 5
2130 3315 5
2131 3489 5
511 2132 12
511 2133 9
2132 2940 12
2133 3031 9
512 2134 8
512 2135 5
2134 3490 8
2135 3039 5
513 2136 17
513 2137 9
2136 2948 17
2137 3039 9
514 2138 14
514 2139 7
514 2140 6
2138 3491 14
2139 3492 7
2140 3493 6
515 2141 6
515 2142 5
2141 3283 6
2142 3039 5
516 2143 12
516 2144 9
2143 3358 12
2144 3494 9
517 2145 6
517 2146 6
2145 2948 6
2146 2940 6
518 2147 25
518 2148 8
518 2149 7
2147 3495 25
2148 3496 8
2149 3497 7
519 2150 54
519 2151 16
2150 3332 54
2151 3498 16
520 2152 15
520 2153 11
2152 3499 15
2153 3500 11
521 2154 7
521 2155 5
2154 2948 7
2155 3501 5
522 2156 9
522 2157 5
2156 2948 9
2157 3502 5
523 2158 10
523 2159 5
2158 3258 10
2159 3503 5
524 2160 8
524 2161 5
2160 3504 8
2161 2941 5
525 2162 11
525 2163 6
2162 3505 11
2163 3160 6
526 2164 10
526 2165 5
2164 3506 10
2165 3219 5
527 2166 27
527 2167 13
2166 3358 27
2167 3507 13
528 2168 23
528 2169 18
2168 3406 23
2169 3506 18
529 2170 11
529 2171 5
2170 3508 11
2171 2948 5
530 2172 7
530 2173 5
2172 3509 7
2173 3510 5
531 2174 36
531 2175 29
2174 3204 36
2175 3506 29
532 2176 5
532 2177 5
2176 3511 5
2177 2948 5
533 2178 12
533 2179 5
2178 3021 12
2179 3178 5
534 2180 6
534 2181 5
2180 3512 6
2181 3513 5
535 2182 12
535 2183 8
2182 2940 12
2183 2948 8
536 2184 18
536 2185 15
2184 2948 18
2185 2994 15
537 2186 7
537 2187 6
537 2188 5
2186 2999 7
2187 3509 6
2188 3514 5
538 2189 33
538 2190 8
2189 3515 33
2190 3516 8
539 2191 7
539 2192 6
2191 3283 7
2192 3234 6
540 2193 14
540 2194 14
2193 3219 14
2194 3021 14
541 2195 12
541 2196 7
2195 2965 12
2196 3517 7
542 2197 16
542 2198 7
2197 3251 16
2198 3518 7
543 2199 6
543 2200 5
2199 3519 6
2200 3520 5
544 2201 6
544 2202 5
2201 3251 6
2202 3517 5
545 2203 37
545 2204 6
2203 2948 37
2204 3039 6
546 2205 7
546 2206 5
2205 3371 7
2206 2948 5
547 2207 7
547 2208 6
2207 3521 7
2208 3522 6
548 2209 5
548 2210 5
2209 3523 5
2210 3509 5
549 2211 6
549 2212 6
2211 3524 6
2212 3525 6
550 2213 16
550 2214 6
2213 3513 16
2214 2941 6
551 2215 6
551 2216 5
2215 3332 6
2216 3021 5
552 2217 15
552 2218 15
2217 2948 15
2218 3021 15
553 2219 10
553 2220 6
2219 2999 10
2220 3526 6
554 2221 9
554 2222 8
2221 3021 9
2222 2948 8
555 2223 6
555 2224 5
2223 2965 6
2224 2964 5
556 2225 5
556 2226 5
2225 3527 5
2226 3528 5
557 2227 28
557 2228 8
557 2229 5
2227 2948 28
2228 3513 8
2229 3529 5
558 2230 63
558 2231 8
2230 2948 63
2231 3530 8
559 2232 5
559 2233 5
2232 3514 5
2233 3531 5
560 2234 48
560 2235 8
560 2236 5
2234 3039 48
2235 2994 8
2236 3532 5
561 2237 6
561 2238 5
2237 2948 6
2238 3234 5
562 2239 9
562 2240 6
2239 3533 9
2240 3534 6
563 2241 13
563 2242 6
2241 3021 13
2242 3535 6
564 2243 16
564 2244 7
2243 2948 16
2244 3021 7
565 2245 19
565 2246 9
565 2247 5
2245 3529 19
2246 3536 9
2247 3537 5
566 2248 23
566 2249 9
566 2250 5
2248 3033 23
2249 3538 9
2250 3539 5
567 2251 6
567 2252 5
2251 2948 6
2252 3540 5
568 2253 13
568 2254 5
2253 2965 13
2254 3541 5
569 2255 5
569 2256 5
2255 3542 5
2256 3033 5
570 2257 6
570 2258 5
2257 2948 6
2258 3543 5
571 2259 7
571 2260 7
2259 3544 7
2260 2948 7
572 2261 15
572 2262 5
2261 3545 15
2262 3258 5
573 2263 44
573 2264 7
2263 3521 44
2264 3546 7
574 2265 10
574 2266 10
2265 3547 10
2266 2965 10
575 2267 10
575 2268 7
2267 3548 10
2268 3549 7
576 2269 27
576 2270 16
2269 3550 27
2270 3551 16
577 2271 7
577 2272 5
2271 2948 7
2272 3258 5
578 2273 12
578 2274 10
2273 3552 12
2274 3204 10
579 2275 11
579 2276 9
2275 3553 11
2276 3554 9
580 2277 7
580 2278 5
2277 3555 7
2278 2948 5
581 2279 9
581 2280 8
2279 3458 9
2280 3154 8
582 2281 22
582 2282 6
2281 3039 22
2282 3556 6
583 2283 16
583 2284 5
2283 3557 16
2284 3558 5
584 2285 24
584 2286 6
584 2287 6
2285 2948 24
2286 3559 6
2287 3560 6
585 2288 21
585 2289 8
585 2290 5
2288 3517 21
2289 2994 8
2290 3561 5
586 2291 25
586 2292 6
2291 2994 25
2292 3562 6
587 2293 11
587 2294 7
2293 3563 11
2294 3564 7
588 2295 10
588 2296 5
2295 3565 10
2296 3566 5
589 2297 42
589 2298 7
589 2299 6
2297 2994 42
2298 2948 7
2299 3567 6
590 2300 97
590 2301 66
590 2302 13
590 2303 11
2300 3568 97
2301 3569 66
2302 3570 13
2303 2941 11
591 2304 29
591 2305 6
591 2306 5
2304 2948 29
2305 3571 6
2306 3572 5
592 2307 7
592 2308 5
2307 3573 7
2308 3574 5
593 2309 5
593 2310 5
2309 3575 5
2310 3576 5
594 2311 9
594 2312 5
2311 3577 9
2312 3578 5
595 2313 7
595 2314 5
2313 3579 7
2314 2948 5
596 2315 32
596 2316 13
596 2317 6
2315 3580 32
2316 3581 13
2317 3582 6
597 2318 39
597 2319 9
2318 2948 39
2319 3583 9
598 2320 18
598 2321 10
2320 2948 18
2321 3584 10
599 2322 8
599 2323 6
2322 3583 8
2323 3565 6
600 2324 33
600 2325 5
2324 2948 33
2325 3039 5
601 2326 13
601 2327 12
601 2328 10
2326 3039 13
2327 3204 12
2328 3585 10
602 2329 11
602 2330 6
2329 3332 11
2330 3192 6
603 2331 18
603 2332 8
2331 3586 18
2332 3587 8
604 2333 13
604 2334 13
604 2335 12
604 2336 9
2333 3588 13
2334 3589 13
2335 3047 12
2336 3590 9
605 2337 9
605 2338 5
2337 3591 9
2338 3592 5
606 2339 18
606 2340 8
2339 2914 18
2340 2948 8
607 2341 8
607 2342 6
2341 3204 8
2342 3593 6
608 2343 20
608 2344 7
2343 2994 20
2344 2937 7
609 2345 18
609 2346 10
609 2347 5
2345 2937 18
2346 2948 10
2347 3594 5
610 2348 44
610 2349 5
610 2350 5
2348 3595 44
2349 3596 5
2350 3597 5
611 2351 11
611 2352 5
2351 2948 11
2352 2965 5
612 2353 14
612 2354 9
2353 3035 14
2354 3598 9
613 2355 6
613 2356 5
2355 2994 6
2356 3599 5
614 2357 6
614 2358 5
2357 3600 6
2358 3586 5
615 2359 28
615 2360 26
615 2361 9
615 2362 6
2359 3601 28
2360 3602 26
2361 3603 9
2362 3604 6
616 2363 41
616 2364 25
2363 3517 41
2364 3386 25
617 2365 73
617 2366 35
617 2367 17
617 2368 5
2365 3519 73
2366 3605 35
2367 3606 17
2368 3607 5
618 2369 25
618 2370 21
618 2371 5
2369 3519 25
2370 2925 21
2371 3608 5
619 2372 14
619 2373 6
2372 2994 14
2373 3609 6
620 2374 9
620 2375 5
2374 3351 9
2375 3610 5
621 2376 8
621 2377 6
2376 3611 8
2377 3612 6
622 2378 7
622 2379 5
2378 2994 7
2379 3613 5
623 2380 30
623 2381 5
2380 2937 30
2381 3614 5
624 2382 43
624 2383 15
2382 3547 43
2383 3615 15
625 2384 93
625 2385 9
2384 2948 93
2385 3616 9
626 2386 14
626 2387 8
2386 3617 14
2387 3618 8
627 2388 114
627 2389 17
2388 3258 114
2389 3204 17
628 2390 30
628 2391 13
2390 3619 30
2391 3620 13
629 2392 13
629 2393 5
2392 3621 13
2393 3047 5
630 2394 13
630 2395 9
2394 3622 13
2395 3623 9
631 2396 7
631 2397 6
2396 3624 7
2397 3351 6
632 2398 10
632 2399 6
632 2400 5
2398 3529 10
2399 3625 6
2400 3626 5
633 2401 20
633 2402 12
2401 3258 20
2402 3627 12
634 2403 5
634 2404 5
2403 3628 5
2404 3629 5
635 2405 11
635 2406 7
2405 3630 11
2406 2941 7
636 2407 9
636 2408 5
2407 2994 9
2408 3631 5
637 2409 8
637 2410 7
2409 3632 8
2410 3258 7
638 2411 7
638 2412 6
2411 3633 7
2412 3634 6
639 2413 14
639 2414 5
2413 2994 14
2414 3039 5
640 2415 7
640 2416 7
2415 3635 7
2416 3529 7
641 2417 7
641 2418 6
2417 3636 7
2418 3047 6
642 2419 35
642 2420 10
2419 3461 35
2420 3637 10
643 2421 9
643 2422 6
2421 2994 9
2422 2948 6
644 2423 16
644 2424 5
2423 3638 16
2424 2948 5
645 2425 24
645 2426 11
2425 3258 24
2426 2948 11
646 2427 41
646 2428 10
2427 2994 41
2428 3033 10
647 2429 9
647 2430 5
2429 3517 9
2430 3639 5
648 2431 6
648 2432 5
2431 2948 6
2432 3640 5
649 2433 23
649 2434 8
2433 2994 23
2434 3641 8
650 2435 7
650 2436 7
2435 3047 7
2436 3638 7
651 2437 8
651 2438 8
2437 3519 8
2438 3026 8
652 2439 14
652 2440 10
2439 3638 14
2440 3315 10
653 2441 8
653 2442 7
2441 2941 8
2442 3192 7
654 2443 15
654 2444 9
654 2445 7
654 2446 5
2443 3258 15
2444 2999 9
2445 2948 7
2446 3642 5
655 2447 34
655 2448 12
655 2449 6
655 2450 5
2447 2948 34
2448 3638 12
2449 3643 6
2450 3644 5
656 2451 67
656 2452 7
2451 2965 67
2452 3645 7
657 2453 36
657 2454 25
657 2455 13
657 2456 5
2453 3646 36
2454 3647 25
2455 3648 13
2456 3649 5
658 2457 28
658 2458 5
2457 3256 28
2458 3650 5
659 2459 13
659 2460 6
2459 3651 13
2460 2994 6
660 2461 14
660 2462 7
2461 3204 14
2462 3652 7
661 2463 17
661 2464 16
661 2465 5
2463 3653 17
2464 3654 16
2465 3655 5
662 2466 22
662 2467 17
662 2468 13
662 2469 7
2466 3656 22
2467 3657 17
2468 3658 13
2469 3659 7
663 2470 18
663 2471 5
2470 2948 18
2471 3660 5
664 2472 14
664 2473 6
2472 3661 14
2473 3258 6
665 2474 12
665 2475 9
2474 3043 12
2475 3662 9
666 2476 25
666 2477 7
2476 3204 25
2477 3663 7
667 2478 9
667 2479 6
2478 3664 9
2479 3665 6
668 2480 43
668 2481 16
2480 3666 43
2481 3545 16
669 2482 9
669 2483 8
2482 3667 9
2483 3668 8
670 2484 13
670 2485 9
2484 3192 13
2485 3669 9
671 2486 32
671 2487 15
2486 3670 32
2487 3512 15
672 2488 13
672 2489 10
2488 3671 13
2489 3672 10
673 2490 14
673 2491 5
2490 3192 14
2491 2948 5
674 2492 10
674 2493 9
2492 3673 10
2493 3674 9
675 2494 5
675 2495 5
2494 3675 5
2495 3325 5
676 2496 9
676 2497 7
2496 3676 9
2497 3677 7
677 2498 7
677 2499 6
2498 3678 7
2499 3679 6
678 2500 18
678 2501 13
2500 3471 18
2501 3680 13
679 2502 101
679 2503 35
679 2504 33
679 2505 8
2502 3681 101
2503 3258 35
2504 3682 33
2505 3683 8
680 2506 45
680 2507 8
2506 2994 45
2507 3684 8
681 2508 16
681 2509 6
2508 3461 16
2509 3685 6
682 2510 7
682 2511 5
2510 3033 7
2511 2994 5
683 2512 85
683 2513 26
683 2514 21
683 2515 20
683 2516 16
683 2517 15
683 2518 7
2512 3686 85
2513 3638 26
2514 3687 21
2515 3688 20
2516 3689 16
2517 3690 15
2518 3691 7
684 2519 5
684 2520 5
2519 3047 5
2520 2940 5
685 2521 8
685 2522 6
2521 2994 8
2522 3692 6
686 2523 20
686 2524 6
2523 2948 20
2524 3693 6
687 2525 6
687 2526 5
2525 3694 6
2526 3695 5
688 2527 19
688 2528 11
2527 3670 19
2528 3696 11
689 2529 18
689 2530 17
689 2531 10
2529 3697 18
2530 3698 17
2531 3699 10
690 2532 7
690 2533 5
2532 3700 7
2533 3701 5
691 2534 22
691 2535 6
2534 3702 22
2535 3703 6
692 2536 21
692 2537 17
692 2538 7
2536 3704 21
2537 3033 17
2538 3705 7
693 2539 5
693 2540 5
2539 3094 5
2540 3706 5
694 2541 8
694 2542 7
2541 3707 8
2542 3708 7
695 2543 22
695 2544 16
2543 3047 22
2544 2994 16
696 2545 15
696 2546 7
2545 3709 15
2546 3710 7
697 2547 9
697 2548 6
2547 2994 9
2548 3711 6
698 2549 12
698 2550 5
2549 3712 12
2550 3713 5
699 2551 6
699 2552 5
2551 3714 6
2552 3715 5
700 2553 10
700 2554 9
2553 3716 10
2554 3545 9
701 2555 8
701 2556 8
2555 3717 8
2556 3718 8
702 2557 13
702 2558 6
2557 3719 13
2558 3720 6
703 2559 12
703 2560 6
2559 2994 12
2560 3258 6
704 2561 5
704 2562 5
2561 3351 5
2562 3721 5
705 2563 7
705 2564 6
2563 2937 7
2564 3701 6
706 2565 78
706 2566 55
706 2567 5
2565 3722 78
2566 3723 55
2567 3724 5
707 2568 59
707 2569 12
707 2570 7
2568 3725 59
2569 3726 12
2570 3192 7
708 2571 11
708 2572 9
2571 2965 11
2572 3727 9
709 2573 5
709 2574 5
2573 2948 5
2574 2994 5
710 2575 13
710 2576 10
2575 3033 13
2576 3728 10
711 2577 23
711 2578 6
711 2579 5
2577 3550 23
2578 3729 6
2579 3730 5
712 2580 29
712 2581 9
712 2582 6
2580 3731 29
2581 3721 9
2582 3732 6
713 2583 20
713 2584 9
2583 3733 20
2584 2948 9
714 2585 7
714 2586 6
2585 3734 7
2586 3735 6
715 2587 20
715 2588 6
715 2589 5
2587 2948 20
2588 3736 6
2589 3737 5
716 2590 11
716 2591 5
2590 3738 11
2591 3739 5
717 2592 22
717 2593 14
2592 2994 22
2593 2948 14
718 2594 21
718 2595 10
2594 3740 21
2595 3741 10
719 2596 11
719 2597 5
2596 2948 11
2597 3742 5
720 2598 11
720 2599 6
2598 3743 11
2599 3744 6
721 2600 7
721 2601 5
2600 2948 7
2601 3745 5
722 2602 9
722 2603 6
2602 3746 9
2603 3747 6
723 2604 31
723 2605 16
723 2606 10
723 2607 7
2604 3640 31
2605 3748 16
2606 3749 10
2607 3750 7
724 2608 23
724 2609 9
2608 3751 23
2609 3752 9
725 2610 26
725 2611 13
2610 3753 26
2611 3258 13
726 2612 15
726 2613 5
2612 3754 15
2613 3755 5
727 2614 5
727 2615 5
2614 3320 5
2615 3738 5
728 2616 11
728 2617 9
2616 3756 11
2617 3199 9
729 2618 5
729 2619 5
2618 3757 5
2619 3758 5
730 2620 8
730 2621 6
2620 3759 8
2621 3760 6
731 2622 47
731 2623 11
2622 3761 47
2623 3762 11
732 2624 16
732 2625 6
2624 3763 16
2625 3584 6
733 2626 8
733 2627 5
2626 3764 8
2627 3765 5
734 2628 8
734 2629 7
2628 3766 8
2629 3765 7
735 2630 10
735 2631 6
2630 3767 10
2631 3768 6
736 2632 11
736 2633 5
2632 3738 11
2633 3769 5
737 2634 11
737 2635 9
2634 2948 11
2635 3770 9
738 2636 7
738 2637 7
2636 3771 7
2637 2948 7
739 2638 26
739 2639 5
2638 3772 26
2639 3773 5
740 2640 14
740 2641 6
740 2642 5
2640 3774 14
2641 3775 6
2642 3776 5
741 2643 41
741 2644 5
2643 3777 41
2644 3154 5
742 2645 18
742 2646 9
2645 3204 18
2646 2948 9
743 2647 8
743 2648 5
2647 2948 8
2648 3778 5
744 2649 12
744 2650 6
2649 3779 12
2650 3780 6
745 2651 5
745 2652 5
2651 3781 5
2652 3782 5
746 2653 10
746 2654 5
2653 3783 10
2654 3784 5
747 2655 8
747 2656 7
2655 3785 8
2656 3043 7
748 2657 7
748 2658 7
2657 3786 7
2658 3787 7
749 2659 11
749 2660 8
2659 3584 11
2660 3782 8
750 2661 13
750 2662 5
2661 3788 13
2662 3789 5
751 2663 27
751 2664 8
2663 3790 27
2664 3791 8
752 2665 12
752 2666 7
752 2667 5
2665 3175 12
2666 3792 7
2667 3793 5
753 2668 21
753 2669 5
2668 3794 21
2669 3795 5
754 2670 33
754 2671 13
2670 3796 33
2671 3797 13
755 2672 11
755 2673 5
2672 3798 11
2673 3799 5
756 2674 25
756 2675 7
2674 3800 25
2675 3801 7
757 2676 18
757 2677 8
757 2678 6
2676 3802 18
2677 3803 8
2678 3804 6
758 2679 43
758 2680 10
2679 3204 43
2680 3805 10
759 2681 6
759 2682 5
2681 3806 6
2682 3807 5
760 2683 9
760 2684 8
2683 3808 9
2684 3809 8
761 2685 9
761 2686 9
2685 3638 9
2686 3810 9
762 2687 8
762 2688 6
762 2689 5
2687 2965 8
2688 3204 6
2689 3811 5
763 2690 20
763 2691 5
2690 3584 20
2691 3812 5
764 2692 5
764 2693 5
2692 3813 5
2693 3814 5
765 2694 24
765 2695 12
765 2696 6
2694 3815 24
2695 3816 12
2696 2964 6
766 2697 6
766 2698 5
2697 3638 6
2698 3713 5
767 2699 10
767 2700 6
2699 3784 10
2700 3817 6
768 2701 17
768 2702 9
2701 3818 17
2702 3819 9
769 2703 7
769 2704 7
2703 2925 7
2704 3742 7
770 2705 6
770 2706 5
2705 2964 6
2706 3820 5
771 2707 6
771 2708 5
2707 3821 6
2708 3822 5
772 2709 20
772 2710 7
2709 3823 20
2710 3204 7
773 2711 22
773 2712 5
2711 3204 22
2712 3824 5
774 2713 10
774 2714 6
2713 3781 10
2714 3825 6
775 2715 71
775 2716 20
2715 3826 71
2716 3827 20
776 2717 10
776 2718 8
776 2719 6
776 2720 6
2717 3828 10
2718 3829 8
2719 3830 6
2720 3831 6
777 2721 17
777 2722 7
2721 2948 17
2722 3204 7
778 2723 9
778 2724 5
2723 2948 9
2724 3204 5
779 2725 7
779 2726 5
2725 3832 7
2726 3833 5
780 2727 13
780 2728 7
2727 3781 13
2728 3204 7
781 2729 15
781 2730 6
2729 3834 15
2730 3835 6
782 2731 53
782 2732 6
782 2733 5
2731 3836 53
2732 3837 6
2733 3838 5
783 2734 20
783 2735 9
2734 3839 20
2735 3840 9
784 2736 9
784 2737 7
2736 3204 9
2737 3835 7
785 2738 41
785 2739 17
785 2740 6
2738 3841 41
2739 3842 17
2740 3843 6
786 2741 11
786 2742 5
2741 3844 11
2742 3845 5
787 2743 32
787 2744 9
2743 3846 32
2744 3847 9
788 2745 21
788 2746 9
2745 3848 21
2746 3849 9
789 2747 10
789 2748 6
2747 3850 10
2748 3851 6
790 2749 16
790 2750 10
790 2751 7
2749 3852 16
2750 3853 10
2751 3854 7
791 2752 5
791 2753 5
2752 3781 5
2753 3827 5
792 2754 7
792 2755 5
2754 3855 7
2755 3856 5
793 2756 6
793 2757 5
2756 3584 6
2757 3584 5
794 2758 13
794 2759 5
2758 3572 13
2759 3857 5
795 2760 15
795 2761 10
2760 3858 15
2761 3859 10
796 2762 24
796 2763 6
796 2764 5
2762 2964 24
2763 2964 6
2764 3860 5
797 2765 15
797 2766 7
797 2767 7
2765 3861 15
2766 3862 7
2767 3863 7
798 2768 16
798 2769 5
2768 3584 16
2769 3864 5
799 2770 14
799 2771 9
2770 3865 14
2771 3866 9
800 2772 7
800 2773 6
2772 3867 7
2773 3868 6
801 2774 18
801 2775 10
801 2776 6
801 2777 5
2774 2948 18
2775 3043 10
2776 3824 6
2777 3043 5
802 2778 11
802 2779 6
2778 3043 11
2779 2948 6
803 2780 5
803 2781 5
2780 3043 5
2781 3869 5
804 2782 7
804 2783 6
2782 3870 7
2783 3043 6
805 2784 13
805 2785 5
2784 3556 13
2785 3871 5
806 2786 30
806 2787 7
2786 3872 30
2787 3873 7
807 2788 7
807 2789 5
2788 3874 7
2789 3875 5
808 2790 7
808 2791 7
2790 3876 7
2791 3192 7
809 2792 6
809 2793 5
2792 3584 6
2793 3877 5
810 2794 17
810 2795 7
2794 2948 17
2795 3878 7
811 2796 9
811 2797 7
2796 3879 9
2797 3880 7
812 2798 27
812 2799 25
812 2800 6
2798 3204 27
2799 2948 25
2800 3881 6
813 2801 8
813 2802 6
2801 2964 8
2802 3727 6
814 2803 7
814 2804 5
2803 2948 7
2804 3847 5
815 2805 10
815 2806 7
2805 3882 10
2806 3883 7
816 2807 7
816 2808 6
2807 3884 7
2808 3556 6
817 2809 8
817 2810 8
2809 3885 8
2810 3886 8
818 2811 55
818 2812 26
818 2813 10
2811 3199 55
2812 3584 26
2813 3043 10
819 2814 66
819 2815 15
819 2816 14
819 2817 12
819 2818 5
2814 3887 66
2815 3888 15
2816 3638 14
2817 3889 12
2818 3043 5
820 2819 24
820 2820 9
2819 3890 24
2820 3461 9
821 2821 51
821 2822 7
2821 3891 51
2822 3892 7
822 2823 18
822 2824 5
2823 3043 18
2824 3893 5
823 2825 11
823 2826 10
2825 2948 11
2826 2994 10
824 2827 31
824 2828 9
2827 3894 31
2828 3348 9
825 2829 8
825 2830 5
2829 3043 8
2830 3895 5
826 2831 14
826 2832 10
2831 3896 14
2832 2948 10
827 2833 23
827 2834 12
2833 2948 23
2834 2964 12
828 2835 9
828 2836 5
2835 3897 9
2836 3898 5
829 2837 10
829 2838 7
2837 3043 10
2838 3899 7
830 2839 18
830 2840 6
2839 3900 18
2840 3043 6
831 2841 10
831 2842 5
2841 3901 10
2842 3902 5
832 2843 13
832 2844 8
2843 3903 13
2844 3584 8
833 2845 30
833 2846 5
833 2847 5
2845 3904 30
2846 3905 5
2847 3584 5
834 2848 65
834 2849 37
2848 3906 65
2849 3907 37
835 2850 10
835 2851 5
2850 3908 10
2851 3909 5
836 2852 14
836 2853 6
2852 3778 14
2853 3778 6
837 2854 9
837 2855 5
2854 2948 9
2855 3043 5
838 2856 63
838 2857 15
838 2858 9
838 2859 5
2856 3910 63
2857 3911 15
2858 3912 9
2859 3913 5
839 2860 14
839 2861 8
2860 3914 14
2861 3915 8
840 2862 12
840 2863 8
2862 3899 12
2863 3043 8
841 2864 27
841 2865 26
2864 3204 27
2865 3916 26
842 2866 28
842 2867 5
2866 2994 28
2867 3917 5
843 2868 23
843 2869 9
2868 3204 23
2869 3778 9
844 2870 6
844 2871 6
2870 3918 6
2871 3919 6
845 2872 10
845 2873 6
845 2874 5
845 2875 5
2872 3920 10
2873 3921 6
2874 3922 5
2875 3923 5
846 2876 22
846 2877 15
2876 3924 22
2877 3899 15
847 2878 9
847 2879 5
2878 3043 9
2879 3925 5
848 2880 5
848 2881 5
2880 3926 5
2881 3043 5
849 2882 10
849 2883 7
2882 3927 10
2883 3043 7
850 2884 8
850 2885 6
2884 3928 8
2885 3872 6
851 2886 7
851 2887 5
2886 3929 7
2887 3930 5
852 2888 9
852 2889 5
2888 3931 9
2889 3932 5
853 2890 40
853 2891 16
2890 3931 40
2891 3929 16
854 2892 12
854 2893 5
2892 3933 12
2893 3931 5
855 2894 8
855 2895 8
855 2896 7
855 2897 5
2894 3934 8
2895 3935 8
2896 3936 7
2897 3937 5
856 2898 16
856 2899 5
2898 3929 16
2899 3910 5
857 2900 37
857 2901 15
2900 2948 37
2901 3778 15
858 2902 51
858 2903 34
2902 3938 51
2903 3939 34
859 2904 20
859 2905 5
2904 3035 20
2905 3940 5
860 2906 32
860 2907 11
2906 3872 32
2907 3941 11
861 2908 60
861 2909 14
861 2910 8
861 2911 6
2908 3942 60
2909 3940 14
2910 3943 8
2911 3944 6
862 2912 41
862 2913 14
2912 3584 41
2913 3035 14
