question id postid score postid score ..... 
1 1 264 2 49 3 6 
2 4 19 5 6 
3 6 88 7 18 8 7 
4 9 41 10 5 
5 11 22 12 15 13 10 14 9 15 7 16 5 
6 17 8 18 5 
7 19 29 20 9 21 8 
8 22 7 23 5 24 5 
9 25 12 26 7 27 5 
10 28 15 29 15 30 8 31 7 
11 32 81 33 46 34 31 35 8 
12 36 8 37 6 
13 38 105 39 77 40 57 41 18 42 9 43 9 44 7 45 6 
14 46 23 47 8 
15 48 107 49 44 50 22 51 22 52 15 53 15 54 7 
16 55 14 56 11 57 10 58 6 
17 59 26 60 22 61 12 62 11 
18 63 14 64 12 65 10 
19 66 22 67 17 68 11 69 5 
20 70 14 71 5 
21 72 12 73 5 
22 74 15 75 12 
23 76 34 77 19 78 8 79 5 
24 80 6 81 5 
25 82 7 83 5 
26 84 7 85 7 86 5 
27 87 10 88 7 
28 89 24 90 14 
29 91 18 92 10 
30 93 37 94 12 95 7 96 5 
31 97 8 98 5 
32 99 7 100 6 
33 101 9 102 7 
34 103 48 104 25 105 12 106 7 
35 107 11 108 8 
36 109 236 110 15 111 8 
37 112 5 113 5 
38 114 11 115 5 
39 116 8 117 7 
40 118 13 119 11 
41 120 15 121 6 
42 122 9 123 6 
43 124 8 125 5 126 5 
44 127 15 128 12 129 5 
45 130 7 131 6 132 5 
46 133 8 134 7 
47 135 17 136 12 137 5 138 5 
48 139 10 140 9 141 8 
49 142 8 143 5 
50 144 16 145 5 
51 146 6 147 6 
52 148 11 149 10 150 6 
53 151 38 152 16 153 5 
54 154 8 155 7 
55 156 13 157 10 
56 158 18 159 5 
57 160 13 161 10 162 7 163 5 164 5 
58 165 9 166 5 
59 167 24 168 8 169 7 
60 170 12 171 10 172 5 
61 173 6 174 5 
62 175 9 176 8 177 6 
63 178 7 179 5 
64 180 117 181 50 182 21 183 16 184 15 185 11 186 10 187 10 188 8 189 7 190 6 191 6 192 5 193 5 194 5 195 5 
65 196 13 197 12 198 6 199 5 
66 200 7 201 7 
67 202 18 203 6 
68 204 17 205 7 
69 206 6 207 6 
70 208 8 209 6 
71 210 27 211 10 
72 212 20 213 15 214 7 215 7 
73 216 12 217 5 
74 218 17 219 11 220 6 221 5 222 5 
75 223 7 224 7 
76 225 12 226 7 227 5 
77 228 39 229 15 230 10 
78 231 13 232 7 
79 233 8 234 8 
80 235 10 236 6 
81 237 11 238 6 
82 239 102 240 12 241 8 242 6 
83 243 22 244 14 245 8 246 8 
84 247 17 248 17 
85 249 47 250 19 251 7 
86 252 27 253 6 254 5 
87 255 8 256 5 
88 257 38 258 26 259 7 
89 260 30 261 8 262 5 263 5 
90 264 20 265 14 
91 266 24 267 18 268 18 
92 269 15 270 6 
93 271 13 272 7 273 5 
94 274 6 275 5 
95 276 23 277 21 
96 278 26 279 11 
97 280 11 281 9 282 8 
98 283 24 284 5 
99 285 8 286 8 
100 287 15 288 5 
101 289 141 290 29 291 6 292 6 
102 293 8 294 6 
103 295 27 296 17 297 9 298 5 
104 299 11 300 7 
105 301 19 302 5 
106 303 41 304 9 
107 305 121 306 13 307 9 
108 308 36 309 6 
109 310 116 311 28 312 6 
110 313 7 314 5 
111 315 30 316 17 317 8 318 7 319 6 
112 320 24 321 8 322 7 
113 323 14 324 6 325 6 
114 326 9 327 6 
115 328 19 329 16 330 13 331 9 332 5 
116 333 15 334 8 
117 335 12 336 12 337 8 
118 338 13 339 9 340 7 
119 341 40 342 8 343 6 
120 344 8 345 5 
121 346 17 347 15 348 9 349 8 350 5 351 5 
122 352 6 353 5 
123 354 11 355 10 
124 356 8 357 6 
125 358 29 359 7 360 5 
126 361 17 362 7 
127 363 22 364 8 365 7 
128 366 11 367 9 368 5 
129 369 16 370 5 
130 371 7 372 5 
131 373 34 374 19 
132 375 8 376 6 
133 377 18 378 12 
134 379 16 380 5 
135 381 16 382 7 383 5 
136 384 6 385 6 
137 386 7 387 5 
138 388 8 389 6 
139 390 36 391 9 
140 392 15 393 12 
141 394 10 395 6 
142 396 10 397 5 398 5 
143 399 5 400 5 
144 401 19 402 17 403 8 
145 404 8 405 7 
146 406 22 407 10 
147 408 13 409 9 
148 410 5 411 5 
149 412 12 413 6 414 5 
150 415 20 416 5 
151 417 5 418 5 419 5 
152 420 6 421 6 
153 422 10 423 9 
154 424 11 425 7 
155 426 21 427 5 
156 428 17 429 12 430 6 
157 431 8 432 5 
158 433 11 434 5 
159 435 256 436 29 437 7 438 6 439 5 
160 440 43 441 18 442 17 
161 443 8 444 5 
162 445 10 446 7 
163 447 8 448 5 
164 449 26 450 11 451 6 
165 452 61 453 8 
166 454 9 455 5 
167 456 7 457 6 458 5 
168 459 5 460 5 
169 461 8 462 7 463 6 
170 464 17 465 12 466 9 
171 467 7 468 7 
172 469 9 470 5 471 5 
173 472 12 473 10 474 8 475 6 
174 476 30 477 13 478 11 
175 479 6 480 5 
176 481 9 482 9 483 5 
177 484 11 485 9 
178 486 5 487 5 
179 488 40 489 15 
180 490 29 491 10 492 9 493 9 
181 494 15 495 11 
182 496 13 497 9 
183 498 7 499 5 
184 500 8 501 6 
185 502 12 503 6 
186 504 39 505 16 
187 506 14 507 7 
188 508 23 509 11 510 10 511 5 
189 512 7 513 5 
190 514 20 515 13 516 5 
191 517 8 518 6 519 5 
192 520 18 521 6 
193 522 13 523 8 524 5 
194 525 8 526 5 
195 527 12 528 8 529 6 
196 530 42 531 9 
197 532 7 533 6 
198 534 15 535 8 536 8 
199 537 55 538 19 539 15 
200 540 20 541 10 
201 542 39 543 7 
202 544 6 545 6 
203 546 19 547 7 
204 548 6 549 5 
205 550 41 551 9 
206 552 11 553 8 554 5 
207 555 7 556 6 
208 557 21 558 5 
209 559 8 560 7 
210 561 7 562 6 
211 563 20 564 8 
212 565 15 566 6 
213 567 8 568 6 
214 569 6 570 5 
215 571 6 572 5 
216 573 6 574 5 
217 575 19 576 6 
218 577 25 578 10 
219 579 9 580 5 
220 581 10 582 5 
221 583 9 584 7 
222 585 16 586 8 
223 587 27 588 8 
224 589 10 590 5 
225 591 22 592 21 
226 593 8 594 7 595 6 
227 596 7 597 5 
228 598 18 599 11 600 9 
229 601 8 602 5 
230 603 10 604 6 
231 605 5 606 5 
232 607 5 608 5 
233 609 9 610 8 611 5 
234 612 8 613 7 
235 614 10 615 5 
236 616 6 617 5 
237 618 67 619 6 
238 620 32 621 26 622 5 623 5 
239 624 9 625 6 
240 626 10 627 8 
241 628 6 629 5 
242 630 6 631 5 
243 632 11 633 7 
244 634 13 635 5 
245 636 20 637 6 638 6 
246 639 7 640 5 
247 641 13 642 5 643 5 
248 644 11 645 5 
249 646 5 647 5 
250 648 7 649 5 
251 650 12 651 5 
252 652 15 653 5 
253 654 22 655 14 656 6 
254 657 26 658 18 659 5 
255 660 18 661 8 662 6 663 5 
256 664 22 665 21 666 11 667 8 668 5 
257 669 10 670 9 
258 671 25 672 7 673 5 
259 674 40 675 5 
260 676 9 677 9 
261 678 5 679 5 680 5 
262 681 11 682 5 
263 683 29 684 8 685 8 686 7 
264 687 6 688 6 
265 689 15 690 9 
266 691 7 692 6 
267 693 7 694 6 695 5 
268 696 16 697 6 
269 698 17 699 7 700 6 
270 701 7 702 5 
271 703 46 704 20 
272 705 6 706 5 
273 707 41 708 15 709 5 
274 710 10 711 5 
275 712 26 713 12 
276 714 34 715 33 716 10 717 10 718 9 719 9 720 8 721 7 722 5 723 5 724 5 
277 725 6 726 5 
278 727 23 728 7 
279 729 6 730 6 
280 731 22 732 5 
281 733 26 734 14 735 11 736 10 737 6 738 5 
282 739 11 740 6 
283 741 13 742 8 
284 743 12 744 8 
285 745 12 746 9 
286 747 13 748 7 
287 749 12 750 6 
288 751 14 752 11 753 7 754 5 
289 755 10 756 6 
290 757 16 758 5 
291 759 8 760 5 
292 761 29 762 25 763 7 
293 764 7 765 5 
294 766 8 767 7 
295 768 7 769 6 
296 770 5 771 5 
297 772 12 773 8 774 6 
298 775 9 776 5 
299 777 21 778 5 
300 779 13 780 6 
301 781 10 782 9 
302 783 16 784 10 
303 785 15 786 9 
304 787 13 788 6 789 5 
305 790 61 791 57 792 12 
306 793 19 794 7 795 5 796 5 
307 797 10 798 6 
308 799 14 800 8 
309 801 24 802 13 
310 803 94 804 9 
311 805 11 806 10 
312 807 18 808 16 809 13 810 9 811 6 
313 812 9 813 6 
314 814 10 815 7 
315 816 15 817 5 
316 818 16 819 6 
317 820 8 821 5 
318 822 13 823 6 
319 824 8 825 8 
320 826 26 827 12 
321 828 35 829 10 830 7 
322 831 7 832 6 833 6 
323 834 18 835 5 
324 836 13 837 7 
325 838 9 839 6 
326 840 22 841 5 
327 842 8 843 6 844 5 
328 845 8 846 6 
329 847 43 848 10 849 9 850 8 
330 851 127 852 9 853 5 
331 854 28 855 10 
332 856 13 857 8 
333 858 26 859 8 
334 860 9 861 5 862 5 
335 863 11 864 6 865 5 
336 866 13 867 6 
337 868 11 869 5 
338 870 14 871 9 872 8 
339 873 8 874 5 
340 875 22 876 20 
341 877 15 878 7 
342 879 31 880 5 
343 881 25 882 21 883 18 884 12 885 11 886 5 
344 887 13 888 5 
345 889 27 890 8 
346 891 8 892 6 
347 893 5 894 5 
348 895 16 896 11 897 7 
349 898 19 899 17 
350 900 9 901 7 
351 902 15 903 11 
352 904 32 905 11 
353 906 33 907 5 
354 908 24 909 18 910 8 
355 911 14 912 7 913 6 
356 914 7 915 7 
357 916 12 917 7 
358 918 13 919 11 
359 920 16 921 11 922 5 
360 923 5 924 5 
361 925 13 926 7 
362 927 17 928 13 
363 929 11 930 6 
364 931 13 932 12 
365 933 7 934 5 
366 935 15 936 8 
367 937 13 938 6 
368 939 13 940 12 
369 941 30 942 22 943 13 944 7 945 5 
370 946 10 947 5 
371 948 21 949 14 
372 950 14 951 6 
373 952 29 953 16 954 7 
374 955 78 956 68 957 21 958 10 
375 959 18 960 17 
376 961 12 962 5 
377 963 8 964 5 
378 965 9 966 5 967 5 
379 968 31 969 6 970 5 
380 971 8 972 7 
381 973 14 974 8 
382 975 7 976 5 
383 977 23 978 14 979 13 980 6 981 5 982 5 
384 983 12 984 8 
385 985 16 986 11 
386 987 6 988 6 
387 989 11 990 8 991 7 
388 992 17 993 10 
389 994 15 995 5 
390 996 9 997 6 
391 998 13 999 9 
392 1000 10 1001 6 
393 1002 13 1003 6 
394 1004 17 1005 5 
395 1006 7 1007 5 
396 1008 19 1009 5 
397 1010 7 1011 7 
398 1012 12 1013 5 
399 1014 16 1015 6 
400 1016 9 1017 5 
401 1018 21 1019 6 
402 1020 10 1021 6 
403 1022 10 1023 6 
404 1024 6 1025 6 
405 1026 14 1027 11 1028 10 
406 1029 16 1030 9 
407 1031 11 1032 5 
408 1033 119 1034 19 1035 8 1036 6 
409 1037 6 1038 5 
410 1039 50 1040 14 1041 7 
411 1042 8 1043 7 
412 1044 13 1045 10 
413 1046 10 1047 6 
414 1048 11 1049 6 1050 5 
415 1051 6 1052 5 
416 1053 9 1054 6 
417 1055 9 1056 7 
418 1057 10 1058 8 
419 1059 16 1060 8 1061 5 
420 1062 10 1063 5 
421 1064 17 1065 5 
422 1066 13 1067 7 
423 1068 18 1069 10 1070 6 
424 1071 6 1072 5 
425 1073 17 1074 10 
426 1075 6 1076 6 
427 1077 7 1078 5 
428 1079 5 1080 5 
429 1081 12 1082 5 
430 1083 6 1084 5 
431 1085 7 1086 7 
432 1087 44 1088 7 
433 1089 10 1090 5 
434 1091 6 1092 5 
435 1093 6 1094 6 
436 1095 8 1096 8 
437 1097 7 1098 6 
438 1099 12 1100 8 
439 1101 8 1102 5 
440 1103 23 1104 7 
441 1105 5 1106 5 
442 1107 26 1108 20 
443 1109 7 1110 6 1111 5 
444 1112 8 1113 7 
445 1114 7 1115 5 
446 1116 15 1117 5 1118 5 
447 1119 8 1120 5 
448 1121 10 1122 7 
449 1123 17 1124 9 
450 1125 8 1126 7 1127 6 
451 1128 13 1129 6 
452 1130 10 1131 5 
453 1132 11 1133 5 
454 1134 7 1135 5 
455 1136 28 1137 7 
456 1138 6 1139 6 
457 1140 10 1141 8 1142 7 
458 1143 6 1144 6 
459 1145 10 1146 9 
460 1147 23 1148 10 
461 1149 6 1150 5 1151 5 
462 1152 22 1153 12 
463 1154 6 1155 5 
464 1156 9 1157 8 1158 7 1159 5 1160 5 
465 1161 5 1162 5 
466 1163 13 1164 10 
467 1165 20 1166 11 
468 1167 10 1168 6 
469 1169 27 1170 14 
470 1171 13 1172 10 
471 1173 24 1174 5 
472 1175 13 1176 8 
473 1177 24 1178 12 1179 5 
474 1180 14 1181 11 1182 5 
475 1183 8 1184 5 
476 1185 7 1186 5 
477 1187 8 1188 7 
478 1189 6 1190 6 1191 5 
479 1192 11 1193 6 
480 1194 6 1195 5 1196 5 
481 1197 44 1198 6 
482 1199 11 1200 8 
483 1201 7 1202 5 
484 1203 12 1204 8 
485 1205 9 1206 6 
486 1207 26 1208 10 1209 5 
487 1210 14 1211 6 
488 1212 8 1213 5 
489 1214 243 1215 32 1216 24 1217 18 1218 11 1219 8 1220 7 1221 7 
490 1222 17 1223 11 
491 1224 114 1225 91 1226 31 
492 1227 8 1228 6 
493 1229 10 1230 6 
494 1231 5 1232 5 
495 1233 11 1234 7 
496 1235 25 1236 7 
497 1237 55 1238 6 
498 1239 7 1240 7 1241 7 
499 1242 10 1243 5 
500 1244 7 1245 6 
501 1246 17 1247 14 
502 1248 15 1249 8 
503 1250 71 1251 27 1252 7 1253 6 
504 1254 36 1255 12 
505 1256 10 1257 8 
506 1258 12 1259 12 
507 1260 18 1261 6 
508 1262 8 1263 5 
509 1264 5 1265 5 
510 1266 12 1267 6 
511 1268 5 1269 5 
512 1270 12 1271 9 
513 1272 8 1273 5 
514 1274 17 1275 9 
515 1276 14 1277 7 1278 6 
516 1279 6 1280 5 
517 1281 12 1282 9 
518 1283 6 1284 6 
519 1285 25 1286 8 1287 7 
520 1288 54 1289 16 
521 1290 15 1291 11 
522 1292 7 1293 5 
523 1294 9 1295 5 
524 1296 10 1297 5 
525 1298 8 1299 5 
526 1300 11 1301 6 
527 1302 10 1303 5 
528 1304 27 1305 13 
529 1306 23 1307 18 
530 1308 11 1309 5 
531 1310 7 1311 5 
532 1312 36 1313 29 
533 1314 5 1315 5 
534 1316 12 1317 5 
535 1318 6 1319 5 
536 1320 12 1321 8 
537 1322 18 1323 15 
538 1324 7 1325 6 1326 5 
539 1327 33 1328 8 
540 1329 7 1330 6 
541 1331 14 1332 14 
542 1333 12 1334 7 
543 1335 16 1336 7 
544 1337 6 1338 5 
545 1339 6 1340 5 
546 1341 37 1342 6 
547 1343 7 1344 5 
548 1345 7 1346 6 
549 1347 5 1348 5 
550 1349 6 1350 6 
551 1351 16 1352 6 
552 1353 6 1354 5 
553 1355 15 1356 15 
554 1357 10 1358 6 
555 1359 9 1360 8 
556 1361 6 1362 5 
557 1363 5 1364 5 
558 1365 28 1366 8 1367 5 
559 1368 63 1369 8 
560 1370 5 1371 5 
561 1372 48 1373 8 1374 5 
562 1375 6 1376 5 
563 1377 9 1378 6 
564 1379 13 1380 6 
565 1381 16 1382 7 
566 1383 19 1384 9 1385 5 
567 1386 23 1387 9 1388 5 
568 1389 6 1390 5 
569 1391 13 1392 5 
570 1393 5 1394 5 
571 1395 6 1396 5 
572 1397 7 1398 7 
573 1399 15 1400 5 
574 1401 44 1402 7 
575 1403 10 1404 10 
576 1405 10 1406 7 
577 1407 27 1408 16 
578 1409 7 1410 5 
579 1411 12 1412 10 
580 1413 11 1414 9 
581 1415 7 1416 5 
582 1417 9 1418 8 
583 1419 22 1420 6 
584 1421 16 1422 5 
585 1423 24 1424 6 1425 6 
586 1426 21 1427 8 1428 5 
587 1429 25 1430 6 
588 1431 11 1432 7 
589 1433 10 1434 5 
590 1435 42 1436 7 1437 6 
591 1438 97 1439 66 1440 13 1441 11 
592 1442 29 1443 6 1444 5 
593 1445 7 1446 5 
594 1447 5 1448 5 
595 1449 9 1450 5 
596 1451 7 1452 5 
597 1453 32 1454 13 1455 6 
598 1456 39 1457 9 
599 1458 18 1459 10 
600 1460 8 1461 6 
601 1462 33 1463 5 
602 1464 13 1465 12 1466 10 
603 1467 11 1468 6 
604 1469 18 1470 8 
605 1471 13 1472 13 1473 12 1474 9 
606 1475 9 1476 5 
607 1477 18 1478 8 
608 1479 8 1480 6 
609 1481 20 1482 7 
610 1483 18 1484 10 1485 5 
611 1486 44 1487 5 1488 5 
612 1489 11 1490 5 
613 1491 14 1492 9 
614 1493 6 1494 5 
615 1495 6 1496 5 
616 1497 28 1498 26 1499 9 1500 6 
617 1501 41 1502 25 
618 1503 73 1504 35 1505 17 1506 5 
619 1507 25 1508 21 1509 5 
620 1510 14 1511 6 
621 1512 9 1513 5 
622 1514 8 1515 6 
623 1516 7 1517 5 
624 1518 30 1519 5 
625 1520 43 1521 15 
626 1522 93 1523 9 
627 1524 14 1525 8 
628 1526 114 1527 17 
629 1528 30 1529 13 
630 1530 13 1531 5 
631 1532 13 1533 9 
632 1534 7 1535 6 
633 1536 10 1537 6 1538 5 
634 1539 20 1540 12 
635 1541 5 1542 5 
636 1543 11 1544 7 
637 1545 9 1546 5 
638 1547 8 1548 7 
639 1549 7 1550 6 
640 1551 14 1552 5 
641 1553 7 1554 7 
642 1555 7 1556 6 
643 1557 35 1558 10 
644 1559 9 1560 6 
645 1561 16 1562 5 
646 1563 24 1564 11 
647 1565 41 1566 10 
648 1567 9 1568 5 
649 1569 6 1570 5 
650 1571 23 1572 8 
651 1573 7 1574 7 
652 1575 8 1576 8 
653 1577 14 1578 10 
654 1579 8 1580 7 
655 1581 15 1582 9 1583 7 1584 5 
656 1585 34 1586 12 1587 6 1588 5 
657 1589 67 1590 7 
658 1591 36 1592 25 1593 13 1594 5 
659 1595 28 1596 5 
660 1597 13 1598 6 
661 1599 14 1600 7 
662 1601 17 1602 16 1603 5 
663 1604 22 1605 17 1606 13 1607 7 
664 1608 18 1609 5 
665 1610 14 1611 6 
666 1612 12 1613 9 
667 1614 25 1615 7 
668 1616 9 1617 6 
669 1618 43 1619 16 
670 1620 9 1621 8 
671 1622 13 1623 9 
672 1624 32 1625 15 
673 1626 13 1627 10 
674 1628 14 1629 5 
675 1630 10 1631 9 
676 1632 5 1633 5 
677 1634 9 1635 7 
678 1636 7 1637 6 
679 1638 18 1639 13 
680 1640 101 1641 35 1642 33 1643 8 
681 1644 45 1645 8 
682 1646 16 1647 6 
683 1648 7 1649 5 
684 1650 85 1651 26 1652 21 1653 20 1654 16 1655 15 1656 7 
685 1657 5 1658 5 
686 1659 8 1660 6 
687 1661 20 1662 6 
688 1663 6 1664 5 
689 1665 19 1666 11 
690 1667 18 1668 17 1669 10 
691 1670 7 1671 5 
692 1672 22 1673 6 
693 1674 21 1675 17 1676 7 
694 1677 5 1678 5 
695 1679 8 1680 7 
696 1681 22 1682 16 
697 1683 15 1684 7 
698 1685 9 1686 6 
699 1687 12 1688 5 
700 1689 6 1690 5 
701 1691 10 1692 9 
702 1693 8 1694 8 
703 1695 13 1696 6 
704 1697 12 1698 6 
705 1699 5 1700 5 
706 1701 7 1702 6 
707 1703 78 1704 55 1705 5 
708 1706 59 1707 12 1708 7 
709 1709 11 1710 9 
710 1711 5 1712 5 
711 1713 13 1714 10 
712 1715 23 1716 6 1717 5 
713 1718 29 1719 9 1720 6 
714 1721 20 1722 9 
715 1723 7 1724 6 
716 1725 20 1726 6 1727 5 
717 1728 11 1729 5 
718 1730 22 1731 14 
719 1732 21 1733 10 
720 1734 11 1735 5 
721 1736 11 1737 6 
722 1738 7 1739 5 
723 1740 9 1741 6 
724 1742 31 1743 16 1744 10 1745 7 
725 1746 23 1747 9 
726 1748 26 1749 13 
727 1750 15 1751 5 
728 1752 5 1753 5 
729 1754 11 1755 9 
730 1756 5 1757 5 
731 1758 8 1759 6 
732 1760 47 1761 11 
733 1762 16 1763 6 
734 1764 8 1765 5 
735 1766 8 1767 7 
736 1768 10 1769 6 
737 1770 11 1771 5 
738 1772 11 1773 9 
739 1774 7 1775 7 
740 1776 26 1777 5 
741 1778 14 1779 6 1780 5 
742 1781 41 1782 5 
743 1783 18 1784 9 
744 1785 8 1786 5 
745 1787 12 1788 6 
746 1789 5 1790 5 
747 1791 10 1792 5 
748 1793 8 1794 7 
749 1795 7 1796 7 
750 1797 11 1798 8 
751 1799 13 1800 5 
752 1801 27 1802 8 
753 1803 12 1804 7 1805 5 
754 1806 21 1807 5 
755 1808 33 1809 13 
756 1810 11 1811 5 
757 1812 25 1813 7 
758 1814 18 1815 8 1816 6 
759 1817 43 1818 10 
760 1819 6 1820 5 
761 1821 9 1822 8 
762 1823 9 1824 9 
763 1825 8 1826 6 1827 5 
764 1828 20 1829 5 
765 1830 5 1831 5 
766 1832 24 1833 12 1834 6 
767 1835 6 1836 5 
768 1837 10 1838 6 
769 1839 17 1840 9 
770 1841 7 1842 7 
771 1843 6 1844 5 
772 1845 6 1846 5 
773 1847 20 1848 7 
774 1849 22 1850 5 
775 1851 10 1852 6 
776 1853 71 1854 20 
777 1855 10 1856 8 1857 6 1858 6 
778 1859 17 1860 7 
779 1861 9 1862 5 
780 1863 7 1864 5 
781 1865 13 1866 7 
782 1867 15 1868 6 
783 1869 53 1870 6 1871 5 
784 1872 20 1873 9 
785 1874 9 1875 7 
786 1876 41 1877 17 1878 6 
787 1879 11 1880 5 
788 1881 32 1882 9 
789 1883 21 1884 9 
790 1885 10 1886 6 
791 1887 16 1888 10 1889 7 
792 1890 5 1891 5 
793 1892 7 1893 5 
794 1894 6 1895 5 
795 1896 13 1897 5 
796 1898 15 1899 10 
797 1900 24 1901 6 1902 5 
798 1903 15 1904 7 1905 7 
799 1906 16 1907 5 
800 1908 14 1909 9 
801 1910 7 1911 6 
802 1912 18 1913 10 1914 6 1915 5 
803 1916 11 1917 6 
804 1918 5 1919 5 
805 1920 7 1921 6 
806 1922 13 1923 5 
807 1924 30 1925 7 
808 1926 7 1927 5 
809 1928 7 1929 7 
810 1930 6 1931 5 
811 1932 17 1933 7 
812 1934 9 1935 7 
813 1936 27 1937 25 1938 6 
814 1939 8 1940 6 
815 1941 7 1942 5 
816 1943 10 1944 7 
817 1945 7 1946 6 
818 1947 8 1948 8 
819 1949 55 1950 26 1951 10 
820 1952 66 1953 15 1954 14 1955 12 1956 5 
821 1957 24 1958 9 
822 1959 51 1960 7 
823 1961 18 1962 5 
824 1963 11 1964 10 
825 1965 31 1966 9 
826 1967 8 1968 5 
827 1969 14 1970 10 
828 1971 23 1972 12 
829 1973 9 1974 5 
830 1975 10 1976 7 
831 1977 18 1978 6 
832 1979 10 1980 5 
833 1981 13 1982 8 
834 1983 30 1984 5 1985 5 
835 1986 65 1987 37 
836 1988 10 1989 5 
837 1990 14 1991 6 
838 1992 9 1993 5 
839 1994 63 1995 15 1996 9 1997 5 
840 1998 14 1999 8 
841 2000 12 2001 8 
842 2002 27 2003 26 
843 2004 28 2005 5 
844 2006 23 2007 9 
845 2008 6 2009 6 
846 2010 10 2011 6 2012 5 2013 5 
847 2014 22 2015 15 
848 2016 9 2017 5 
849 2018 5 2019 5 
850 2020 10 2021 7 
851 2022 8 2023 6 
852 2024 7 2025 5 
853 2026 9 2027 5 
854 2028 40 2029 16 
855 2030 12 2031 5 
856 2032 8 2033 8 2034 7 2035 5 
857 2036 16 2037 5 
858 2038 37 2039 15 
859 2040 51 2041 34 
860 2042 20 2043 5 
861 2044 32 2045 11 
862 2046 60 2047 14 2048 8 2049 6 
863 2050 41 2051 14 