teamID questionID questionID ...
0 0
1 67
2 6
3 259 325
4 116
5 606
6 210 174
7 283
8 212
9 220
10 52
11 173
12 50
13 64
14 63
15 88
16 79
17 90
18 93
19 207
20 352
21 10
22 1
23 2
24 3
25 4
26 769
27 5
28 98
29 157 215
30 159
31 44
32 11
33 121
34 71
35 53 78 132
36 49
37 60
38 51
39 77
40 80
41 119
42 123
43 138
44 139
45 166
46 196
47 211
48 226
49 7
50 102
51 8
52 131
53 103
54 248
55 214
56 100
57 337
58 609
59 65
60 460
61 129
62 66
63 118
64 127
65 170
66 143
67 261
68 353
69 218
70 265
71 292
72 361
73 379
74 623
75 705
76 227
77 9
78 314
79 202
80 215 157
81 535 388
82 185 223
83 232
84 105
85 86
86 511
87 142
88 124
89 130
90 133
91 151 179
92 179 151
93 162
94 240
95 237
96 296
97 303
98 341
99 96
100 231
101 356
102 110
103 23
104 91
105 81
106 95
107 104
108 180
109 117
110 181
111 653
112 307
113 309
114 12
115 89
116 275
117 145
118 108
119 374
120 388 517 535
121 225
122 382
123 827
124 611
125 22
126 92
127 28
128 536 643 709 717 823
129 459 500
130 552 554 564
131 453 468 513 545 600
132 837 802
133 801
134 485
135 381
136 777 742
137 452
138 561
139 435
140 577 645
141 474 546
142 466
143 467
144 521
145 522
146 557
147 558
148 567
149 570
150 584
151 591
152 597
153 598
154 625
155 655
156 648
157 663
158 686
159 715
160 719
161 721
162 737
163 743 857
164 814
165 810
166 13
167 302
168 326
169 14
170 19
171 15
172 16
173 17
174 33
175 18
176 174 210
177 175
178 126
179 223 185
180 209
181 84
182 796
183 390 397 555
184 224 228 235
185 205
186 204 299 338
187 122
188 217
189 193
190 260
191 125
192 149
193 187
194 168
195 198
196 355
197 312
198 329
199 366
200 813
201 770
202 319 362
203 351
204 397 390
205 186
206 274
207 470
208 300
209 178
210 334
211 200
212 762
213 247
214 258
215 270
216 331
217 332
218 402
219 370
220 373
221 395
222 541
223 568
224 656
225 708
226 222
227 169
228 228 224
229 256
230 20
231 21
232 76
233 101
234 24
235 25
236 26
237 27
238 365
239 197
240 494
241 496
242 29
243 75
244 30
245 31
246 46
247 32
248 608
249 643 536
250 589
251 646 682
252 639
253 703
254 586
255 613
256 619
257 622
258 636
259 649
260 680
261 685
262 697
263 842
264 34
265 73
266 35
267 500 459
268 439 471
269 386
270 284
271 475
272 473
273 417
274 419
275 447
276 537
277 553
278 36
279 37
280 38
281 85
282 61
283 113
284 135
285 137
286 140
287 455
288 39
289 40
290 41
291 42
292 45
293 43
294 132 53
295 47
296 48
297 128
298 554 552
299 533
300 368
301 563
302 54
303 55
304 56
305 112
306 238
307 57
308 58
309 59
310 176
311 304
312 682 646
313 471 439
314 146
315 449
316 566
317 710
318 62
319 612
320 859
321 468 453
322 560
323 428 478 482 504
324 601
325 450
326 472
327 582
328 802 837
329 665
330 803
331 822
332 825
333 829 840
334 847
335 298
336 684
337 338 204
338 695
339 483
340 478 428
341 335
342 484
343 336
344 416
345 285
346 297
347 497
348 305
349 315
350 320
351 367
352 479
353 480
354 499
355 650
356 68
357 69
358 70
359 72
360 74
361 156
362 221
363 82
364 83
365 87
366 262
367 216
368 219
369 94
370 97
371 99
372 107
373 106
374 109
375 111
376 693
377 115
378 114
379 192
380 191
381 405
382 120
383 306
384 134
385 136
386 161
387 141
388 253
389 144
390 147
391 148
392 150
393 152
394 190
395 153
396 389
397 154
398 155
399 158
400 160
401 163
402 171
403 164
404 165
405 268
406 357
407 488
408 448
409 167
410 208
411 358
412 375
413 490
414 172
415 430
416 369
417 345
418 418
419 384
420 372
421 429
422 387
423 177
424 182
425 183
426 184
427 188
428 189
429 194
430 195
431 752
432 294
433 311
434 199
435 201
436 203
437 206
438 213
439 288
440 344 673
441 424
442 286
443 249
444 371
445 380
446 244
447 245
448 257
449 279
450 313
451 425
452 391
453 670
454 229
455 230
456 818
457 233
458 234
459 236
460 742 777 778
461 812
462 437
463 531
464 607
465 660
466 666
467 843
468 758
469 773
470 784
471 841
472 239
473 241
474 242
475 243
476 246
477 540
478 376
479 250
480 251
481 252
482 254
483 255
484 359
485 263
486 264
487 266
488 267
489 269
490 271
491 280
492 414
493 426
494 408
495 422
496 432
497 544
498 542
499 272
500 273
501 364
502 658
503 645 577
504 654
505 627
506 523
507 633
508 276
509 277
510 278
511 281
512 282
513 287
514 289
515 290
516 291
517 322
518 293
519 295
520 301
521 515
522 539
523 492
524 502
525 308
526 310
527 377
528 316
529 317
530 318
531 321
532 323
533 324
534 510
535 327
536 328
537 727
538 330
539 333
540 339
541 551
542 602
543 519
544 340
545 342
546 343
547 346
548 347
549 348
550 349
551 350
552 476
553 360
554 620
555 704
556 354
557 363
558 443 503
559 401
560 423
561 445
562 506
563 516
564 527
565 378
566 546 474
567 454
568 477
569 451
570 489
571 434
572 457
573 461
574 495
575 458
576 498
577 383
578 385
579 392
580 393
581 394
582 396
583 412
584 398
585 399
586 400
587 403
588 404
589 406
590 407
591 409
592 410
593 411
594 462
595 413
596 528
597 415
598 420
599 421
600 427
601 431
602 507
603 433
604 436
605 438
606 440
607 441
608 442
609 444
610 446
611 493
612 501
613 456
614 463
615 464
616 465
617 469
618 581
619 642
620 681
621 481
622 486
623 487
624 678
625 491
626 505
627 508
628 509
629 512
630 514
631 518
632 520
633 524
634 525
635 526
636 529
637 530
638 532
639 534
640 550
641 559
642 538
643 585
644 616
645 647
646 618
647 651
648 543
649 617
650 547
651 573
652 548
653 549
654 556
655 565
656 632
657 562
658 569
659 571
660 572
661 574
662 624
663 575
664 576
665 711
666 578
667 579
668 580
669 805
670 583
671 587
672 588
673 590
674 794
675 592
676 593
677 594
678 595
679 596
680 599
681 862
682 793
683 749
684 763
685 798
686 809
687 603
688 604
689 605
690 610
691 614
692 615
693 621
694 626
695 628
696 629
697 630
698 631
699 634
700 635
701 637
702 638
703 640
704 641
705 644
706 652
707 766
708 761
709 723
710 657
711 659
712 661
713 662
714 664
715 667
716 668
717 669
718 671
719 688
720 672
721 674
722 675
723 676
724 677
725 679
726 683
727 687
728 689
729 690
730 691
731 692
732 694
733 696
734 698
735 699
736 700
737 701
738 702
739 706
740 707
741 712
742 713
743 714
744 716
745 736
746 718
747 720
748 722
749 724
750 725
751 726
752 728
753 729
754 730
755 731
756 732
757 733
758 734
759 735
760 738
761 739
762 740
763 741
764 836
765 744
766 780
767 745
768 774
769 791
770 746
771 767
772 747
773 748
774 750
775 751
776 753
777 754
778 755
779 756
780 757
781 759
782 760
783 764
784 765
785 768
786 771
787 772
788 775
789 776
790 779
791 781
792 782
793 783
794 785
795 786
796 787
797 788
798 789
799 790
800 792
801 795
802 797
803 799
804 800
805 804
806 806
807 860
808 807
809 808
810 811
811 815
812 816
813 817
814 819
815 820
816 821
817 824
818 826
819 828
820 840 829
821 830
822 831
823 832
824 833
825 834
826 835
827 838
828 839
829 844
830 845
831 846
832 848
833 849
834 850
835 856
836 851
837 853
838 852
839 854
840 855
841 858
842 861
