teamID expertID expertID ...
0 2914 2915 2916
1 2914 2931
2 2914 2932 2933
3 2914 2941
4 2914 2943 3073
5 2914 2948
6 2914 2964
7 2914 2965
8 2914 2968
9 2914 2989
10 2914 2999 3021
11 2914 3003 3159
12 2914 3019
13 2914 3034 2914 3047
14 2914 3035 3033 3036 3037 3038 3039 3040 2934 3041 3042 2931 3043 3044 3045 3046
15 2914 3036 3073 3003
16 2914 3062
17 2914 3075 3057
18 2914 3076
19 2914 3188
20 2914 3352
21 2917 2914 2940 2942
22 2917 2918
23 2919 2920 2921
24 2922 2923
25 2924 2925 2926 2927 2928 2929
26 2925 3742
27 2930 2931
28 2931 2934
29 2931 2940
30 2931 2940 3143
31 2931 2941 2943
32 2931 2943
33 2931 2965
34 2931 3004 2931 2914
35 2931 3015
36 2931 3018
37 2931 3019
38 2931 3020 2948
39 2931 3061
40 2931 3063
41 2931 3096
42 2931 3111
43 2931 3125
44 2931 3126
45 2931 3152 3153
46 2931 3176
47 2931 3190
48 2931 3194
49 2934 2935 2914
50 2934 3081 3082 3083
51 2936 2937 2938
52 2936 3015
53 2936 3084
54 2937 2914
55 2937 2931
56 2937 2940 2945 2940
57 2937 2945 3243
58 2937 2948 3594
59 2937 2958
60 2937 2999 3208
61 2937 3015
62 2937 3048
63 2937 3103 3104
64 2937 3116 2931
65 2937 3124
66 2937 3124 2940
67 2937 3154
68 2937 3186 3353
69 2937 3193
70 2937 3241
71 2937 3277
72 2937 3357
73 2937 3358
74 2937 3614
75 2937 3701
76 2938 3195 2914
77 2939 2914 2940 2941
78 2939 3300
79 2940 2914
80 2940 2931
81 2940 2948
82 2940 2964
83 2940 2968 3199
84 2940 2989
85 2940 3026
86 2940 3031
87 2940 3102
88 2940 3112 3113
89 2940 3117
90 2940 3118
91 2940 3124
92 2940 3124 2940 2940
93 2940 3145
94 2940 3154
95 2940 3204 3192 3205
96 2940 3280 2941
97 2940 3285 2946
98 2940 3334
99 2941 2934 2914
100 2941 2964
101 2941 2965
102 2941 2965 3091 3092 3093
103 2941 2975
104 2941 2978
105 2941 3064 3065 3066
106 2941 3078
107 2941 3085
108 2941 3102
109 2941 3102 2936
110 2941 3154
111 2941 3192
112 2941 3289
113 2941 3292
114 2944 2920 2945 2946 2947 2936 2934 2948
115 2945 3074
116 2945 3256 3178 3257 3158 3179 2948 2941 3258 3259 3260
117 2946 2964
118 2948 2931 3088
119 2948 2937
120 2948 2940
121 2948 2945 2937
122 2948 2948 3371 3372 3373 3374
123 2948 2964
124 2948 2965
125 2948 2972 2973 2974
126 2948 2978 2914
127 2948 2984
128 2948 2994
129 2948 2999
130 2948 3021
131 2948 3039
132 2948 3043
133 2948 3043 3824 3043
134 2948 3047 3463
135 2948 3160
136 2948 3204
137 2948 3219
138 2948 3234
139 2948 3251
140 2948 3258
141 2948 3371
142 2948 3455
143 2948 3456
144 2948 3501
145 2948 3502
146 2948 3513 3529
147 2948 3530
148 2948 3540
149 2948 3543
150 2948 3559 3560
151 2948 3571 3572
152 2948 3583
153 2948 3584
154 2948 3616
155 2948 3638 3643 3644
156 2948 3640
157 2948 3660
158 2948 3693
159 2948 3736 3737
160 2948 3742
161 2948 3745
162 2948 3770
163 2948 3778
164 2948 3847
165 2948 3878
166 2949 2934
167 2949 3284
168 2949 3314 3315
169 2950 2931 2914 2951 2921 2952 2916
170 2950 2967
171 2953 2954 2955 2956
172 2957 2958 2959 2934
173 2960 2961 2962
174 2961 2937 2941 2994
175 2963 2964 2965 2966
176 2964 2914
177 2964 2914 3160
178 2964 2937 3115
179 2964 2940
180 2964 2945
181 2964 2948 3069
182 2964 2964 3860
183 2964 2965
184 2964 2968
185 2964 2968 3185
186 2964 3047
187 2964 3071
188 2964 3095
189 2964 3102
190 2964 3102 3192
191 2964 3114
192 2964 3131
193 2964 3131 3166 3167
194 2964 3154 3025
195 2964 3178 3179
196 2964 3192
197 2964 3298
198 2964 3322 3323
199 2964 3359
200 2964 3727
201 2964 3820
202 2965 2937
203 2965 2940
204 2965 2964
205 2965 3022
206 2965 3033
207 2965 3039
208 2965 3102
209 2965 3162
210 2965 3177 3331
211 2965 3182
212 2965 3204 3811
213 2965 3218
214 2965 3235
215 2965 3249
216 2965 3326
217 2965 3327
218 2965 3358
219 2965 3363
220 2965 3365 3033 3188
221 2965 3384
222 2965 3517
223 2965 3541
224 2965 3645
225 2965 3727
226 2968 2937
227 2968 2938 3154
228 2968 2964
229 2968 2965
230 2968 2969
231 2970 2971
232 2971 3003 3060
233 2975 2940
234 2976 2977
235 2978 2937 2979
236 2980 2981
237 2982 2983
238 2982 3115
239 2982 3177 3154
240 2982 3475
241 2982 3477
242 2985 2986 2987 2988
243 2985 3058 3059
244 2989 2964
245 2990 2991
246 2991 3012 3013 3014
247 2992 2993
248 2994 2937
249 2994 2948
250 2994 2948 3567
251 2994 3033
252 2994 3039
253 2994 3258
254 2994 3562
255 2994 3599
256 2994 3609
257 2994 3613
258 2994 3631
259 2994 3641
260 2994 3684
261 2994 3692
262 2994 3711
263 2994 3917
264 2995 2996
265 2995 3036 2914 3015 3055
266 2997 2998 2999
267 2999 2948
268 2999 3033
269 2999 3154 3378
270 2999 3178
271 2999 3208
272 2999 3371 3459
273 2999 3409
274 2999 3410
275 2999 3437
276 2999 3509 3514
277 2999 3526
278 3000 2989
279 3001 2971
280 3002 3003
281 3003 3022 2914
282 3003 3033 2941
283 3003 3097
284 3003 3102
285 3003 3124
286 3003 3127
287 3003 3441
288 3004 2998
289 3005 2992
290 3006 2941
291 3007 3008 3009
292 3007 3011
293 3010 2938 2991
294 3015 2931
295 3015 2937 3016
296 3017 2973
297 3020 2940
298 3021 2948
299 3021 3178
300 3021 3192 3361 3160 3362
301 3021 3535
302 3022 3003
303 3023 3003
304 3023 3012 3024 3025 3026
305 3024 2964 3096
306 3025 3206
307 3027 2941
308 3028 3029 2914
309 3030 3031 3032
310 3033 2914
311 3033 2948 3047
312 3033 2994
313 3033 2999
314 3033 3102
315 3033 3438 3439
316 3033 3538 3539
317 3033 3728
318 3034 3029
319 3035 3598
320 3035 3940
321 3039 2948
322 3039 2994 3532
323 3039 3047
324 3039 3204 3585
325 3039 3440
326 3039 3458 2940
327 3039 3556
328 3043 2948
329 3043 3662
330 3043 3869
331 3043 3893
332 3043 3895
333 3043 3899
334 3043 3925
335 3047 2937
336 3047 2940
337 3047 2964
338 3047 2994
339 3047 2999
340 3047 3039
341 3047 3115
342 3047 3158
343 3047 3177
344 3047 3192
345 3047 3271
346 3047 3281
347 3047 3283 3371
348 3047 3286 3287 2964
349 3047 3301
350 3047 3307 2964
351 3047 3360
352 3047 3388 3460
353 3047 3461
354 3047 3479
355 3047 3638
356 3049 2931
357 3050 3051
358 3052 2941
359 3053 3054
360 3056 3057
361 3058 3139
362 3061 3192
363 3067 3015 2941 2931
364 3068 2940
365 3070 3071 3072
366 3070 3236 3237 3238
367 3071 3192
368 3073 3033
369 3077 2931
370 3079 2940
371 3080 2936
372 3080 3087
373 3086 3061 2948
374 3089 3090
375 3094 2964 3095
376 3094 3706
377 3096 2940
378 3098 3091 3099 3100 3101
379 3102 2940 2948
380 3102 3173
381 3102 3394
382 3105 3106 3107 3108 3109 3110
383 3107 3288
384 3119 3120 3121
385 3122 3123
386 3124 2931
387 3124 2936 2978
388 3124 3224 2964
389 3128 3106
390 3129 3102
391 3130 2940 3015
392 3132 2964 3003
393 3133 3134
394 3133 3171 3172
395 3135 2940
396 3136 2965
397 3136 3135
398 3137 3138 2964
399 3140 3131 3141 2940 3142
400 3144 2940
401 3146 3147 3148
402 3149 2964 3156
403 3149 3150
404 3151 2964
405 3154 2937 3246
406 3154 2965
407 3154 2974 3358 2948 3467 3468 2916 3469
408 3154 3033
409 3154 3155
410 3154 3189
411 3154 3192 2948
412 3154 3366
413 3154 3470 3471
414 3157 2964 3158 3022
415 3158 2965
416 3158 3154
417 3158 3342
418 3160 2941 3251
419 3160 2964
420 3160 2965 3364
421 3160 3358
422 3160 3379
423 3161 3154
424 3163 2914
425 3164 3058
426 3165 2964
427 3168 3169
428 3169 3170 3166
429 3169 3174 2941
430 3175 2964
431 3175 3792 3793
432 3178 3047
433 3178 3158 3295 3296 3297
434 3180 3181
435 3183 3053
436 3184 2914
437 3186 3187
438 3191 2968
439 3192 2937
440 3192 2948
441 3192 2999
442 3192 3033
443 3192 3102
444 3192 3154
445 3192 3183
446 3192 3212 3213
447 3192 3214
448 3192 3233 3234
449 3192 3266
450 3192 3299
451 3192 3333
452 3192 3380
453 3192 3669
454 3196 3197
455 3198 2964
456 3199 3584 3043
457 3200 2940
458 3201 2946
459 3202 3203
460 3204 2948
461 3204 2948 3881
462 3204 2999
463 3204 3506
464 3204 3593
465 3204 3652
466 3204 3663
467 3204 3778
468 3204 3805
469 3204 3824
470 3204 3835
471 3204 3916
472 3207 3208
473 3209 3192
474 3210 3102
475 3211 3112
476 3215 3216 3217
477 3219 3021
478 3219 3154
479 3219 3220
480 3221 3222
481 3223 2914 3191
482 3223 3225 3226 3227
483 3228 3229 3230 3231 3232
484 3232 3355
485 3239 3154
486 3240 2940
487 3242 3243 3244
488 3245 3154
489 3247 3248
490 3250 3251
491 3251 2941 3115 3047 2941 3267
492 3251 3033
493 3251 3039
494 3251 3192
495 3251 3415 3416
496 3251 3422
497 3251 3517
498 3251 3518
499 3252 3253 3254
500 3255 2964
501 3256 2940
502 3256 3650
503 3258 2948
504 3258 2999 2948 3642
505 3258 3204
506 3258 3503
507 3258 3627
508 3261 2937
509 3262 3263
510 3264 3265
511 3268 3039
512 3269 3270
513 3272 3033 2939 2948
514 3273 2965
515 3274 3275
516 3276 3257 2940
517 3276 3310
518 3278 3192
519 3279 2964
520 3282 3283
521 3283 3039
522 3283 3234
523 3283 3474
524 3283 3480 3481 3482
525 3290 3291
526 3293 3294
527 3297 3367 3033
528 3302 3303
529 3304 3300
530 3305 3306
531 3308 2999 3309
532 3311 3312
533 3313 2982
534 3315 3489
535 3316 3317
536 3318 3319 3320 3321
537 3320 3738
538 3324 3325
539 3328 3329 3330
540 3332 2964
541 3332 3021
542 3332 3192
543 3332 3498
544 3333 2940
545 3335 3336 2949 3337 3338 3339
546 3340 3341
547 3343 3344
548 3345 2965 3346
549 3347 3154
550 3348 3349
551 3350 3351
552 3351 3039
553 3351 3356
554 3351 3610
555 3351 3721
556 3354 3192 3154
557 3358 2999
558 3358 3371
559 3358 3390
560 3358 3417
561 3358 3434 3435
562 3358 3444
563 3358 3494
564 3358 3507
565 3368 3369 3370
566 3371 2948
567 3371 2999
568 3371 2999 3192
569 3371 3033
570 3371 3047
571 3371 3251
572 3371 3444
573 3371 3446
574 3371 3476
575 3374 3445
576 3374 3478
577 3375 3376
578 3377 2937
579 3381 2948
580 3381 3158
581 3382 3383
582 3385 3192
583 3386 3251
584 3386 3387
585 3388 3102
586 3389 2999
587 3391 3102
588 3392 3393 3160
589 3395 3396
590 3397 3398 3399 3400
591 3401 3402 3403
592 3404 3158
593 3405 3114
594 3406 2948
595 3406 3407 3260
596 3406 3506
597 3408 2965
598 3411 3412
599 3413 3414
600 3418 3419
601 3420 3421
602 3421 3484
603 3423 3424
604 3425 3358
605 3426 3033
606 3427 3428
607 3429 3430
608 3431 3374 3432
609 3433 2940
610 3436 2940
611 3436 3158
612 3436 3371
613 3442 2999 3443
614 3447 3448 3449 3450 3451
615 3452 3371
616 3453 3454
617 3457 3374
618 3458 3154
619 3461 3637
620 3461 3685
621 3462 3358
622 3464 3192
623 3465 3466
624 3471 3680
625 3472 3473
626 3483 3388
627 3485 3486
628 3487 3488
629 3490 3039
630 3491 3492 3493
631 3495 3496 3497
632 3499 3500
633 3504 2941
634 3505 3160
635 3506 3219
636 3508 2948
637 3509 3510
638 3511 2948
639 3512 3513
640 3513 2941
641 3514 3531
642 3515 3516
643 3517 2994 3561
644 3517 3386
645 3517 3639
646 3519 2925 3608
647 3519 3026
648 3519 3520
649 3519 3605 3606 3607
650 3521 3522
651 3521 3546
652 3523 3509
653 3524 3525
654 3527 3528
655 3529 3536 3537
656 3529 3625 3626
657 3533 3534
658 3542 3033
659 3544 2948
660 3545 3258
661 3547 2965
662 3547 3615
663 3548 3549
664 3550 3551
665 3550 3729 3730
666 3552 3204
667 3553 3554
668 3555 2948
669 3556 3871
670 3557 3558
671 3563 3564
672 3565 3566
673 3568 3569 3570 2941
674 3572 3857
675 3573 3574
676 3575 3576
677 3577 3578
678 3579 2948
679 3580 3581 3582
680 3583 3565
681 3584 3035
682 3584 3584
683 3584 3782
684 3584 3812
685 3584 3864
686 3584 3877
687 3586 3587
688 3588 3589 3047 3590
689 3591 3592
690 3595 3596 3597
691 3600 3586
692 3601 3602 3603 3604
693 3611 3612
694 3617 3618
695 3619 3620
696 3621 3047
697 3622 3623
698 3624 3351
699 3628 3629
700 3630 2941
701 3632 3258
702 3633 3634
703 3635 3529
704 3636 3047
705 3638 2948
706 3638 3315
707 3638 3713
708 3638 3810
709 3640 3748 3749 3750
710 3646 3647 3648 3649
711 3651 2994
712 3653 3654 3655
713 3656 3657 3658 3659
714 3661 3258
715 3664 3665
716 3666 3545
717 3667 3668
718 3670 3512
719 3670 3696
720 3671 3672
721 3673 3674
722 3675 3325
723 3676 3677
724 3678 3679
725 3681 3258 3682 3683
726 3686 3638 3687 3688 3689 3690 3691
727 3694 3695
728 3697 3698 3699
729 3700 3701
730 3702 3703
731 3704 3033 3705
732 3707 3708
733 3709 3710
734 3712 3713
735 3714 3715
736 3716 3545
737 3717 3718
738 3719 3720
739 3722 3723 3724
740 3725 3726 3192
741 3731 3721 3732
742 3733 2948
743 3734 3735
744 3738 3739
745 3738 3769
746 3740 3741
747 3743 3744
748 3746 3747
749 3751 3752
750 3753 3258
751 3754 3755
752 3756 3199
753 3757 3758
754 3759 3760
755 3761 3762
756 3763 3584
757 3764 3765
758 3766 3765
759 3767 3768
760 3771 2948
761 3772 3773
762 3774 3775 3776
763 3777 3154
764 3778 3778
765 3779 3780
766 3781 3204
767 3781 3782
768 3781 3825
769 3781 3827
770 3783 3784
771 3784 3817
772 3785 3043
773 3786 3787
774 3788 3789
775 3790 3791
776 3794 3795
777 3796 3797
778 3798 3799
779 3800 3801
780 3802 3803 3804
781 3806 3807
782 3808 3809
783 3813 3814
784 3815 3816 2964
785 3818 3819
786 3821 3822
787 3823 3204
788 3826 3827
789 3828 3829 3830 3831
790 3832 3833
791 3834 3835
792 3836 3837 3838
793 3839 3840
794 3841 3842 3843
795 3844 3845
796 3846 3847
797 3848 3849
798 3850 3851
799 3852 3853 3854
800 3855 3856
801 3858 3859
802 3861 3862 3863
803 3865 3866
804 3867 3868
805 3870 3043
806 3872 3873
807 3872 3941
808 3874 3875
809 3876 3192
810 3879 3880
811 3882 3883
812 3884 3556
813 3885 3886
814 3887 3888 3638 3889 3043
815 3890 3461
816 3891 3892
817 3894 3348
818 3896 2948
819 3897 3898
820 3899 3043
821 3900 3043
822 3901 3902
823 3903 3584
824 3904 3905 3584
825 3906 3907
826 3908 3909
827 3910 3911 3912 3913
828 3914 3915
829 3918 3919
830 3920 3921 3922 3923
831 3924 3899
832 3926 3043
833 3927 3043
834 3928 3872
835 3929 3910
836 3929 3930
837 3931 3929
838 3931 3932
839 3933 3931
840 3934 3935 3936 3937
841 3938 3939
842 3942 3940 3943 3944